mcline1.bin
         1.00
11
3
Type of measurement (0=app. resistivity,1=resistance)
0
801
 2
0
4  0.00  0.00 1.00  0.00 2.00  0.00 3.00  0.00 135.18 
4  0.00  0.00 1.00  0.00 3.00  0.00 4.00  0.00 71.05 
4  0.00  0.00 1.00  0.00 4.00  0.00 5.00  0.00 54.64 
4  0.00  0.00 1.00  0.00 5.00  0.00 6.00  0.00 47.23 
4  0.00  0.00 1.00  0.00 6.00  0.00 7.00  0.00 40.64 
4  0.00  0.00 1.00  0.00 7.00  0.00 8.00  0.00 43.99 
4  0.00  0.00 1.00  0.00 8.00  0.00 9.00  0.00 35.29 
4  0.00  0.00 1.00  0.00 9.00  0.00 10.00  0.00 58.60 
4  0.00  0.00 1.00  0.00 10.00  0.00 11.00  0.00 75.86 
4  1.00  0.00 2.00  0.00 3.00  0.00 4.00  0.00 133.86 
4  1.00  0.00 2.00  0.00 4.00  0.00 5.00  0.00 73.49 
4  1.00  0.00 2.00  0.00 5.00  0.00 6.00  0.00 54.03 
4  1.00  0.00 2.00  0.00 6.00  0.00 7.00  0.00 40.34 
4  1.00  0.00 2.00  0.00 7.00  0.00 8.00  0.00 49.17 
4  1.00  0.00 2.00  0.00 8.00  0.00 9.00  0.00 62.82 
4  1.00  0.00 2.00  0.00 9.00  0.00 10.00  0.00 61.70 
4  1.00  0.00 2.00  0.00 10.00  0.00 11.00  0.00 68.61 
4  1.00  0.00 2.00  0.00 11.00  0.00 12.00  0.00 9.23 
4  2.00  0.00 3.00  0.00 4.00  0.00 5.00  0.00 126.23 
4  2.00  0.00 3.00  0.00 5.00  0.00 6.00  0.00 71.45 
4  2.00  0.00 3.00  0.00 6.00  0.00 7.00  0.00 46.55 
4  2.00  0.00 3.00  0.00 7.00  0.00 8.00  0.00 53.11 
4  2.00  0.00 3.00  0.00 8.00  0.00 9.00  0.00 47.02 
4  2.00  0.00 3.00  0.00 9.00  0.00 10.00  0.00 53.21 
4  2.00  0.00 3.00  0.00 10.00  0.00 11.00  0.00 62.12 
4  2.00  0.00 3.00  0.00 11.00  0.00 12.00  0.00 68.56 
4  2.00  0.00 3.00  0.00 12.00  0.00 13.00  0.00 83.09 
4  3.00  0.00 4.00  0.00 5.00  0.00 6.00  0.00 140.97 
4  3.00  0.00 4.00  0.00 6.00  0.00 7.00  0.00 61.58 
4  3.00  0.00 4.00  0.00 7.00  0.00 8.00  0.00 54.72 
4  3.00  0.00 4.00  0.00 8.00  0.00 9.00  0.00 44.98 
4  3.00  0.00 4.00  0.00 9.00  0.00 10.00  0.00 57.87 
4  3.00  0.00 4.00  0.00 10.00  0.00 11.00  0.00 53.12 
4  3.00  0.00 4.00  0.00 11.00  0.00 12.00  0.00 70.39 
4  3.00  0.00 4.00  0.00 12.00  0.00 13.00  0.00 65.05 
4  3.00  0.00 4.00  0.00 13.00  0.00 14.00  0.00 75.60 
4  4.00  0.00 5.00  0.00 6.00  0.00 7.00  0.00 177.31 
4  4.00  0.00 5.00  0.00 7.00  0.00 8.00  0.00 91.14 
4  4.00  0.00 5.00  0.00 8.00  0.00 9.00  0.00 54.63 
4  4.00  0.00 5.00  0.00 9.00  0.00 10.00  0.00 50.99 
4  4.00  0.00 5.00  0.00 10.00  0.00 11.00  0.00 51.01 
4  4.00  0.00 5.00  0.00 11.00  0.00 12.00  0.00 57.97 
4  4.00  0.00 5.00  0.00 12.00  0.00 13.00  0.00 61.62 
4  4.00  0.00 5.00  0.00 13.00  0.00 14.00  0.00 67.69 
4  4.00  0.00 5.00  0.00 14.00  0.00 15.00  0.00 50.02 
4  5.00  0.00 6.00  0.00 7.00  0.00 8.00  0.00 255.96 
4  5.00  0.00 6.00  0.00 8.00  0.00 9.00  0.00 84.23 
4  5.00  0.00 6.00  0.00 9.00  0.00 10.00  0.00 58.57 
4  5.00  0.00 6.00  0.00 10.00  0.00 11.00  0.00 49.73 
4  5.00  0.00 6.00  0.00 11.00  0.00 12.00  0.00 45.33 
4  5.00  0.00 6.00  0.00 12.00  0.00 13.00  0.00 55.62 
4  5.00  0.00 6.00  0.00 13.00  0.00 14.00  0.00 55.44 
4  5.00  0.00 6.00  0.00 14.00  0.00 15.00  0.00 52.15 
4  5.00  0.00 6.00  0.00 15.00  0.00 16.00  0.00 57.01 
4  6.00  0.00 7.00  0.00 8.00  0.00 9.00  0.00 156.10 
4  6.00  0.00 7.00  0.00 9.00  0.00 10.00  0.00 70.09 
4  6.00  0.00 7.00  0.00 10.00  0.00 11.00  0.00 47.26 
4  6.00  0.00 7.00  0.00 11.00  0.00 12.00  0.00 42.03 
4  6.00  0.00 7.00  0.00 12.00  0.00 13.00  0.00 41.06 
4  6.00  0.00 7.00  0.00 13.00  0.00 14.00  0.00 47.95 
4  6.00  0.00 7.00  0.00 14.00  0.00 15.00  0.00 48.31 
4  6.00  0.00 7.00  0.00 15.00  0.00 16.00  0.00 36.82 
4  6.00  0.00 7.00  0.00 16.00  0.00 17.00  0.00 34.20 
4  7.00  0.00 8.00  0.00 9.00  0.00 10.00  0.00 144.84 
4  7.00  0.00 8.00  0.00 10.00  0.00 11.00  0.00 67.03 
4  7.00  0.00 8.00  0.00 11.00  0.00 12.00  0.00 46.65 
4  7.00  0.00 8.00  0.00 12.00  0.00 13.00  0.00 49.85 
4  7.00  0.00 8.00  0.00 13.00  0.00 14.00  0.00 41.88 
4  7.00  0.00 8.00  0.00 14.00  0.00 15.00  0.00 58.17 
4  7.00  0.00 8.00  0.00 15.00  0.00 16.00  0.00 48.11 
4  7.00  0.00 8.00  0.00 16.00  0.00 17.00  0.00 39.59 
4  7.00  0.00 8.00  0.00 17.00  0.00 18.00  0.00 66.30 
4  8.00  0.00 9.00  0.00 10.00  0.00 11.00  0.00 109.51 
4  8.00  0.00 9.00  0.00 11.00  0.00 12.00  0.00 56.05 
4  8.00  0.00 9.00  0.00 12.00  0.00 13.00  0.00 44.35 
4  8.00  0.00 9.00  0.00 13.00  0.00 14.00  0.00 50.62 
4  8.00  0.00 9.00  0.00 14.00  0.00 15.00  0.00 47.43 
4  8.00  0.00 9.00  0.00 15.00  0.00 16.00  0.00 49.37 
4  8.00  0.00 9.00  0.00 16.00  0.00 17.00  0.00 48.66 
4  8.00  0.00 9.00  0.00 17.00  0.00 18.00  0.00 45.16 
4  8.00  0.00 9.00  0.00 18.00  0.00 19.00  0.00 25.16 
4  9.00  0.00 10.00  0.00 11.00  0.00 12.00  0.00 102.08 
4  9.00  0.00 10.00  0.00 12.00  0.00 13.00  0.00 56.68 
4  9.00  0.00 10.00  0.00 13.00  0.00 14.00  0.00 53.10 
4  9.00  0.00 10.00  0.00 14.00  0.00 15.00  0.00 51.25 
4  9.00  0.00 10.00  0.00 15.00  0.00 16.00  0.00 52.50 
4  9.00  0.00 10.00  0.00 16.00  0.00 17.00  0.00 49.58 
4  9.00  0.00 10.00  0.00 17.00  0.00 18.00  0.00 60.21 
4  9.00  0.00 10.00  0.00 18.00  0.00 19.00  0.00 53.57 
4  9.00  0.00 10.00  0.00 19.00  0.00 20.00  0.00 51.50 
4  10.00  0.00 11.00  0.00 12.00  0.00 13.00  0.00 80.96 
4  10.00  0.00 11.00  0.00 13.00  0.00 14.00  0.00 55.51 
4  10.00  0.00 11.00  0.00 14.00  0.00 15.00  0.00 49.06 
4  10.00  0.00 11.00  0.00 15.00  0.00 16.00  0.00 51.42 
4  10.00  0.00 11.00  0.00 16.00  0.00 17.00  0.00 55.67 
4  10.00  0.00 11.00  0.00 17.00  0.00 18.00  0.00 57.38 
4  10.00  0.00 11.00  0.00 18.00  0.00 19.00  0.00 56.67 
4  10.00  0.00 11.00  0.00 19.00  0.00 20.00  0.00 51.85 
4  10.00  0.00 11.00  0.00 20.00  0.00 21.00  0.00 71.66 
4  11.00  0.00 12.00  0.00 13.00  0.00 14.00  0.00 80.41 
4  11.00  0.00 12.00  0.00 14.00  0.00 15.00  0.00 53.49 
4  11.00  0.00 12.00  0.00 15.00  0.00 16.00  0.00 48.24 
4  11.00  0.00 12.00  0.00 16.00  0.00 17.00  0.00 50.08 
4  11.00  0.00 12.00  0.00 17.00  0.00 18.00  0.00 56.97 
4  11.00  0.00 12.00  0.00 18.00  0.00 19.00  0.00 61.43 
4  11.00  0.00 12.00  0.00 19.00  0.00 20.00  0.00 59.32 
4  11.00  0.00 12.00  0.00 20.00  0.00 21.00  0.00 63.94 
4  11.00  0.00 12.00  0.00 21.00  0.00 22.00  0.00 55.81 
4  12.00  0.00 13.00  0.00 14.00  0.00 15.00  0.00 78.16 
4  12.00  0.00 13.00  0.00 15.00  0.00 16.00  0.00 51.25 
4  12.00  0.00 13.00  0.00 16.00  0.00 17.00  0.00 48.85 
4  12.00  0.00 13.00  0.00 17.00  0.00 18.00  0.00 50.38 
4  12.00  0.00 13.00  0.00 18.00  0.00 19.00  0.00 54.54 
4  12.00  0.00 13.00  0.00 19.00  0.00 20.00  0.00 55.92 
4  12.00  0.00 13.00  0.00 20.00  0.00 21.00  0.00 46.31 
4  12.00  0.00 13.00  0.00 21.00  0.00 22.00  0.00 48.30 
4  12.00  0.00 13.00  0.00 22.00  0.00 23.00  0.00 52.97 
4  13.00  0.00 14.00  0.00 15.00  0.00 16.00  0.00 93.79 
4  13.00  0.00 14.00  0.00 16.00  0.00 17.00  0.00 53.66 
4  13.00  0.00 14.00  0.00 17.00  0.00 18.00  0.00 49.40 
4  13.00  0.00 14.00  0.00 18.00  0.00 19.00  0.00 56.96 
4  13.00  0.00 14.00  0.00 19.00  0.00 20.00  0.00 54.15 
4  13.00  0.00 14.00  0.00 20.00  0.00 21.00  0.00 49.30 
4  13.00  0.00 14.00  0.00 21.00  0.00 22.00  0.00 56.11 
4  13.00  0.00 14.00  0.00 22.00  0.00 23.00  0.00 67.73 
4  14.00  0.00 15.00  0.00 16.00  0.00 17.00  0.00 84.87 
4  14.00  0.00 15.00  0.00 17.00  0.00 18.00  0.00 50.49 
4  14.00  0.00 15.00  0.00 18.00  0.00 19.00  0.00 48.41 
4  14.00  0.00 15.00  0.00 19.00  0.00 20.00  0.00 47.09 
4  14.00  0.00 15.00  0.00 20.00  0.00 21.00  0.00 56.46 
4  14.00  0.00 15.00  0.00 21.00  0.00 22.00  0.00 45.72 
4  14.00  0.00 15.00  0.00 22.00  0.00 23.00  0.00 72.29 
4  15.00  0.00 16.00  0.00 17.00  0.00 18.00  0.00 72.56 
4  15.00  0.00 16.00  0.00 18.00  0.00 19.00  0.00 51.05 
4  15.00  0.00 16.00  0.00 19.00  0.00 20.00  0.00 46.70 
4  15.00  0.00 16.00  0.00 20.00  0.00 21.00  0.00 43.30 
4  15.00  0.00 16.00  0.00 21.00  0.00 22.00  0.00 43.38 
4  15.00  0.00 16.00  0.00 22.00  0.00 23.00  0.00 57.29 
4  16.00  0.00 17.00  0.00 18.00  0.00 19.00  0.00 83.46 
4  16.00  0.00 17.00  0.00 19.00  0.00 20.00  0.00 55.16 
4  16.00  0.00 17.00  0.00 20.00  0.00 21.00  0.00 50.44 
4  16.00  0.00 17.00  0.00 21.00  0.00 22.00  0.00 44.38 
4  16.00  0.00 17.00  0.00 22.00  0.00 23.00  0.00 42.22 
4  17.00  0.00 18.00  0.00 19.00  0.00 20.00  0.00 79.48 
4  17.00  0.00 18.00  0.00 20.00  0.00 21.00  0.00 54.92 
4  17.00  0.00 18.00  0.00 21.00  0.00 22.00  0.00 43.47 
4  17.00  0.00 18.00  0.00 22.00  0.00 23.00  0.00 44.50 
4  18.00  0.00 19.00  0.00 20.00  0.00 21.00  0.00 81.06 
4  18.00  0.00 19.00  0.00 21.00  0.00 22.00  0.00 46.44 
4  18.00  0.00 19.00  0.00 22.00  0.00 23.00  0.00 43.42 
4  19.00  0.00 20.00  0.00 21.00  0.00 22.00  0.00 63.02 
4  19.00  0.00 20.00  0.00 22.00  0.00 23.00  0.00 42.67 
4  20.00  0.00 21.00  0.00 22.00  0.00 23.00  0.00 66.98 
4  13.00  0.00 14.00  0.00 23.00  0.00 24.00  0.00 53.46 
4  14.00  0.00 15.00  0.00 23.00  0.00 24.00  0.00 39.83 
4  14.00  0.00 15.00  0.00 24.00  0.00 25.00  0.00 68.13 
4  15.00  0.00 16.00  0.00 23.00  0.00 24.00  0.00 46.92 
4  15.00  0.00 16.00  0.00 24.00  0.00 25.00  0.00 19.48 
4  15.00  0.00 16.00  0.00 25.00  0.00 26.00  0.00 75.65 
4  16.00  0.00 17.00  0.00 23.00  0.00 24.00  0.00 40.54 
4  16.00  0.00 17.00  0.00 24.00  0.00 25.00  0.00 24.50 
4  16.00  0.00 17.00  0.00 25.00  0.00 26.00  0.00 38.69 
4  16.00  0.00 17.00  0.00 26.00  0.00 27.00  0.00 12.98 
4  17.00  0.00 18.00  0.00 23.00  0.00 24.00  0.00 35.62 
4  17.00  0.00 18.00  0.00 24.00  0.00 25.00  0.00 32.52 
4  17.00  0.00 18.00  0.00 25.00  0.00 26.00  0.00 34.70 
4  17.00  0.00 18.00  0.00 26.00  0.00 27.00  0.00 31.38 
4  17.00  0.00 18.00  0.00 27.00  0.00 28.00  0.00 30.56 
4  18.00  0.00 19.00  0.00 23.00  0.00 24.00  0.00 37.97 
4  18.00  0.00 19.00  0.00 24.00  0.00 25.00  0.00 32.78 
4  18.00  0.00 19.00  0.00 25.00  0.00 26.00  0.00 34.56 
4  18.00  0.00 19.00  0.00 26.00  0.00 27.00  0.00 24.85 
4  18.00  0.00 19.00  0.00 27.00  0.00 28.00  0.00 27.64 
4  18.00  0.00 19.00  0.00 28.00  0.00 29.00  0.00 13.19 
4  19.00  0.00 20.00  0.00 23.00  0.00 24.00  0.00 35.53 
4  19.00  0.00 20.00  0.00 24.00  0.00 25.00  0.00 34.49 
4  19.00  0.00 20.00  0.00 25.00  0.00 26.00  0.00 37.20 
4  19.00  0.00 20.00  0.00 26.00  0.00 27.00  0.00 35.24 
4  19.00  0.00 20.00  0.00 27.00  0.00 28.00  0.00 39.18 
4  19.00  0.00 20.00  0.00 28.00  0.00 29.00  0.00 42.92 
4  19.00  0.00 20.00  0.00 29.00  0.00 30.00  0.00 47.71 
4  20.00  0.00 21.00  0.00 23.00  0.00 24.00  0.00 38.12 
4  20.00  0.00 21.00  0.00 24.00  0.00 25.00  0.00 33.87 
4  20.00  0.00 21.00  0.00 25.00  0.00 26.00  0.00 35.82 
4  20.00  0.00 21.00  0.00 26.00  0.00 27.00  0.00 28.44 
4  20.00  0.00 21.00  0.00 27.00  0.00 28.00  0.00 38.82 
4  20.00  0.00 21.00  0.00 28.00  0.00 29.00  0.00 45.04 
4  20.00  0.00 21.00  0.00 29.00  0.00 30.00  0.00 42.43 
4  20.00  0.00 21.00  0.00 30.00  0.00 31.00  0.00 48.97 
4  21.00  0.00 22.00  0.00 23.00  0.00 24.00  0.00 58.04 
4  21.00  0.00 22.00  0.00 24.00  0.00 25.00  0.00 35.23 
4  21.00  0.00 22.00  0.00 25.00  0.00 26.00  0.00 32.98 
4  21.00  0.00 22.00  0.00 26.00  0.00 27.00  0.00 29.24 
4  21.00  0.00 22.00  0.00 27.00  0.00 28.00  0.00 27.12 
4  21.00  0.00 22.00  0.00 28.00  0.00 29.00  0.00 28.42 
4  21.00  0.00 22.00  0.00 29.00  0.00 30.00  0.00 29.14 
4  21.00  0.00 22.00  0.00 30.00  0.00 31.00  0.00 22.87 
4  21.00  0.00 22.00  0.00 31.00  0.00 32.00  0.00 21.97 
4  22.00  0.00 23.00  0.00 24.00  0.00 25.00  0.00 65.28 
4  22.00  0.00 23.00  0.00 25.00  0.00 26.00  0.00 41.45 
4  22.00  0.00 23.00  0.00 26.00  0.00 27.00  0.00 28.91 
4  22.00  0.00 23.00  0.00 27.00  0.00 28.00  0.00 26.68 
4  22.00  0.00 23.00  0.00 28.00  0.00 29.00  0.00 25.63 
4  22.00  0.00 23.00  0.00 29.00  0.00 30.00  0.00 25.65 
4  22.00  0.00 23.00  0.00 30.00  0.00 31.00  0.00 24.49 
4  22.00  0.00 23.00  0.00 31.00  0.00 32.00  0.00 24.81 
4  22.00  0.00 23.00  0.00 32.00  0.00 33.00  0.00 2.99 
4  23.00  0.00 24.00  0.00 25.00  0.00 26.00  0.00 84.16 
4  23.00  0.00 24.00  0.00 26.00  0.00 27.00  0.00 36.76 
4  23.00  0.00 24.00  0.00 27.00  0.00 28.00  0.00 24.60 
4  23.00  0.00 24.00  0.00 28.00  0.00 29.00  0.00 24.18 
4  23.00  0.00 24.00  0.00 29.00  0.00 30.00  0.00 26.84 
4  23.00  0.00 24.00  0.00 30.00  0.00 31.00  0.00 28.67 
4  23.00  0.00 24.00  0.00 31.00  0.00 32.00  0.00 34.63 
4  23.00  0.00 24.00  0.00 32.00  0.00 33.00  0.00 56.47 
4  23.00  0.00 24.00  0.00 33.00  0.00 34.00  0.00 80.58 
4  24.00  0.00 25.00  0.00 26.00  0.00 27.00  0.00 90.01 
4  24.00  0.00 25.00  0.00 27.00  0.00 28.00  0.00 34.63 
4  24.00  0.00 25.00  0.00 28.00  0.00 29.00  0.00 23.05 
4  24.00  0.00 25.00  0.00 29.00  0.00 30.00  0.00 19.74 
4  24.00  0.00 25.00  0.00 30.00  0.00 31.00  0.00 18.25 
4  24.00  0.00 25.00  0.00 31.00  0.00 32.00  0.00 18.12 
4  24.00  0.00 25.00  0.00 32.00  0.00 33.00  0.00 35.76 
4  24.00  0.00 25.00  0.00 33.00  0.00 34.00  0.00 37.18 
4  24.00  0.00 25.00  0.00 34.00  0.00 35.00  0.00 38.54 
4  25.00  0.00 26.00  0.00 27.00  0.00 28.00  0.00 73.54 
4  25.00  0.00 26.00  0.00 28.00  0.00 29.00  0.00 30.41 
4  25.00  0.00 26.00  0.00 29.00  0.00 30.00  0.00 20.38 
4  25.00  0.00 26.00  0.00 30.00  0.00 31.00  0.00 20.65 
4  25.00  0.00 26.00  0.00 31.00  0.00 32.00  0.00 21.81 
4  25.00  0.00 26.00  0.00 32.00  0.00 33.00  0.00 67.97 
4  25.00  0.00 26.00  0.00 33.00  0.00 34.00  0.00 66.84 
4  25.00  0.00 26.00  0.00 34.00  0.00 35.00  0.00 27.13 
4  26.00  0.00 27.00  0.00 28.00  0.00 29.00  0.00 92.94 
4  26.00  0.00 27.00  0.00 29.00  0.00 30.00  0.00 30.29 
4  26.00  0.00 27.00  0.00 30.00  0.00 31.00  0.00 22.29 
4  26.00  0.00 27.00  0.00 31.00  0.00 32.00  0.00 19.19 
4  26.00  0.00 27.00  0.00 32.00  0.00 33.00  0.00 22.74 
4  26.00  0.00 27.00  0.00 33.00  0.00 34.00  0.00 20.46 
4  26.00  0.00 27.00  0.00 34.00  0.00 35.00  0.00 43.41 
4  27.00  0.00 28.00  0.00 29.00  0.00 30.00  0.00 80.20 
4  27.00  0.00 28.00  0.00 30.00  0.00 31.00  0.00 29.55 
4  27.00  0.00 28.00  0.00 31.00  0.00 32.00  0.00 22.62 
4  27.00  0.00 28.00  0.00 32.00  0.00 33.00  0.00 20.29 
4  27.00  0.00 28.00  0.00 33.00  0.00 34.00  0.00 4.03 
4  27.00  0.00 28.00  0.00 34.00  0.00 35.00  0.00 15.64 
4  28.00  0.00 29.00  0.00 30.00  0.00 31.00  0.00 91.11 
4  28.00  0.00 29.00  0.00 31.00  0.00 32.00  0.00 30.83 
4  28.00  0.00 29.00  0.00 32.00  0.00 33.00  0.00 20.01 
4  28.00  0.00 29.00  0.00 33.00  0.00 34.00  0.00 22.60 
4  28.00  0.00 29.00  0.00 34.00  0.00 35.00  0.00 21.19 
4  29.00  0.00 30.00  0.00 31.00  0.00 32.00  0.00 86.46 
4  29.00  0.00 30.00  0.00 32.00  0.00 33.00  0.00 31.23 
4  29.00  0.00 30.00  0.00 33.00  0.00 34.00  0.00 18.93 
4  29.00  0.00 30.00  0.00 34.00  0.00 35.00  0.00 14.13 
4  30.00  0.00 31.00  0.00 32.00  0.00 33.00  0.00 93.70 
4  30.00  0.00 31.00  0.00 33.00  0.00 34.00  0.00 29.85 
4  30.00  0.00 31.00  0.00 34.00  0.00 35.00  0.00 16.99 
4  31.00  0.00 32.00  0.00 33.00  0.00 34.00  0.00 98.22 
4  31.00  0.00 32.00  0.00 34.00  0.00 35.00  0.00 37.60 
4  32.00  0.00 33.00  0.00 34.00  0.00 35.00  0.00 121.48 
4  25.00  0.00 26.00  0.00 35.00  0.00 36.00  0.00 21.68 
4  26.00  0.00 27.00  0.00 35.00  0.00 36.00  0.00 31.90 
4  26.00  0.00 27.00  0.00 36.00  0.00 37.00  0.00 41.92 
4  27.00  0.00 28.00  0.00 35.00  0.00 36.00  0.00 15.02 
4  27.00  0.00 28.00  0.00 36.00  0.00 37.00  0.00 21.05 
4  27.00  0.00 28.00  0.00 37.00  0.00 38.00  0.00 19.71 
4  28.00  0.00 29.00  0.00 35.00  0.00 36.00  0.00 33.10 
4  28.00  0.00 29.00  0.00 36.00  0.00 37.00  0.00 19.65 
4  28.00  0.00 29.00  0.00 37.00  0.00 38.00  0.00 15.50 
4  28.00  0.00 29.00  0.00 38.00  0.00 39.00  0.00 22.69 
4  29.00  0.00 30.00  0.00 35.00  0.00 36.00  0.00 20.08 
4  29.00  0.00 30.00  0.00 36.00  0.00 37.00  0.00 11.46 
4  29.00  0.00 30.00  0.00 37.00  0.00 38.00  0.00 4.68 
4  29.00  0.00 30.00  0.00 38.00  0.00 39.00  0.00 27.79 
4  29.00  0.00 30.00  0.00 39.00  0.00 40.00  0.00 109.24 
4  30.00  0.00 31.00  0.00 35.00  0.00 36.00  0.00 17.16 
4  30.00  0.00 31.00  0.00 36.00  0.00 37.00  0.00 24.84 
4  30.00  0.00 31.00  0.00 37.00  0.00 38.00  0.00 19.51 
4  30.00  0.00 31.00  0.00 38.00  0.00 39.00  0.00 25.17 
4  30.00  0.00 31.00  0.00 39.00  0.00 40.00  0.00 12.44 
4  30.00  0.00 31.00  0.00 40.00  0.00 41.00  0.00 14.11 
4  31.00  0.00 32.00  0.00 35.00  0.00 36.00  0.00 19.45 
4  31.00  0.00 32.00  0.00 36.00  0.00 37.00  0.00 12.24 
4  31.00  0.00 32.00  0.00 37.00  0.00 38.00  0.00 13.52 
4  31.00  0.00 32.00  0.00 38.00  0.00 39.00  0.00 13.55 
4  31.00  0.00 32.00  0.00 39.00  0.00 40.00  0.00 9.18 
4  31.00  0.00 32.00  0.00 40.00  0.00 41.00  0.00 10.93 
4  31.00  0.00 32.00  0.00 41.00  0.00 42.00  0.00 4.92 
4  32.00  0.00 33.00  0.00 35.00  0.00 36.00  0.00 38.08 
4  32.00  0.00 33.00  0.00 36.00  0.00 37.00  0.00 16.70 
4  32.00  0.00 33.00  0.00 37.00  0.00 38.00  0.00 16.98 
4  32.00  0.00 33.00  0.00 38.00  0.00 39.00  0.00 18.24 
4  32.00  0.00 33.00  0.00 39.00  0.00 40.00  0.00 11.75 
4  32.00  0.00 33.00  0.00 40.00  0.00 41.00  0.00 14.91 
4  32.00  0.00 33.00  0.00 41.00  0.00 42.00  0.00 20.20 
4  32.00  0.00 33.00  0.00 42.00  0.00 43.00  0.00 15.72 
4  33.00  0.00 34.00  0.00 35.00  0.00 36.00  0.00 96.68 
4  33.00  0.00 34.00  0.00 36.00  0.00 37.00  0.00 31.57 
4  33.00  0.00 34.00  0.00 37.00  0.00 38.00  0.00 18.05 
4  33.00  0.00 34.00  0.00 38.00  0.00 39.00  0.00 16.34 
4  33.00  0.00 34.00  0.00 39.00  0.00 40.00  0.00 14.99 
4  33.00  0.00 34.00  0.00 40.00  0.00 41.00  0.00 20.94 
4  33.00  0.00 34.00  0.00 41.00  0.00 42.00  0.00 22.98 
4  33.00  0.00 34.00  0.00 42.00  0.00 43.00  0.00 18.63 
4  33.00  0.00 34.00  0.00 43.00  0.00 44.00  0.00 37.26 
4  34.00  0.00 35.00  0.00 36.00  0.00 37.00  0.00 82.51 
4  34.00  0.00 35.00  0.00 37.00  0.00 38.00  0.00 35.43 
4  34.00  0.00 35.00  0.00 38.00  0.00 39.00  0.00 20.62 
4  34.00  0.00 35.00  0.00 39.00  0.00 40.00  0.00 11.76 
4  34.00  0.00 35.00  0.00 40.00  0.00 41.00  0.00 9.14 
4  34.00  0.00 35.00  0.00 41.00  0.00 42.00  0.00 15.65 
4  34.00  0.00 35.00  0.00 42.00  0.00 43.00  0.00 16.30 
4  34.00  0.00 35.00  0.00 43.00  0.00 44.00  0.00 24.03 
4  34.00  0.00 35.00  0.00 44.00  0.00 45.00  0.00 18.45 
4  35.00  0.00 36.00  0.00 37.00  0.00 38.00  0.00 100.28 
4  35.00  0.00 36.00  0.00 38.00  0.00 39.00  0.00 47.19 
4  35.00  0.00 36.00  0.00 39.00  0.00 40.00  0.00 17.70 
4  35.00  0.00 36.00  0.00 40.00  0.00 41.00  0.00 14.98 
4  35.00  0.00 36.00  0.00 41.00  0.00 42.00  0.00 16.98 
4  35.00  0.00 36.00  0.00 42.00  0.00 43.00  0.00 14.85 
4  35.00  0.00 36.00  0.00 43.00  0.00 44.00  0.00 18.79 
4  35.00  0.00 36.00  0.00 44.00  0.00 45.00  0.00 12.27 
4  35.00  0.00 36.00  0.00 45.00  0.00 46.00  0.00 41.22 
4  36.00  0.00 37.00  0.00 38.00  0.00 39.00  0.00 115.95 
4  36.00  0.00 37.00  0.00 39.00  0.00 40.00  0.00 32.43 
4  36.00  0.00 37.00  0.00 40.00  0.00 41.00  0.00 18.71 
4  36.00  0.00 37.00  0.00 41.00  0.00 42.00  0.00 15.16 
4  36.00  0.00 37.00  0.00 42.00  0.00 43.00  0.00 14.06 
4  36.00  0.00 37.00  0.00 43.00  0.00 44.00  0.00 14.76 
4  36.00  0.00 37.00  0.00 44.00  0.00 45.00  0.00 20.56 
4  36.00  0.00 37.00  0.00 45.00  0.00 46.00  0.00 24.34 
4  36.00  0.00 37.00  0.00 46.00  0.00 47.00  0.00 38.66 
4  37.00  0.00 38.00  0.00 39.00  0.00 40.00  0.00 81.22 
4  37.00  0.00 38.00  0.00 40.00  0.00 41.00  0.00 31.19 
4  37.00  0.00 38.00  0.00 41.00  0.00 42.00  0.00 17.52 
4  37.00  0.00 38.00  0.00 42.00  0.00 43.00  0.00 16.81 
4  37.00  0.00 38.00  0.00 43.00  0.00 44.00  0.00 14.55 
4  37.00  0.00 38.00  0.00 44.00  0.00 45.00  0.00 9.46 
4  37.00  0.00 38.00  0.00 45.00  0.00 46.00  0.00 11.03 
4  37.00  0.00 38.00  0.00 46.00  0.00 47.00  0.00 24.44 
4  38.00  0.00 39.00  0.00 40.00  0.00 41.00  0.00 111.57 
4  38.00  0.00 39.00  0.00 41.00  0.00 42.00  0.00 40.51 
4  38.00  0.00 39.00  0.00 42.00  0.00 43.00  0.00 18.43 
4  38.00  0.00 39.00  0.00 43.00  0.00 44.00  0.00 17.98 
4  38.00  0.00 39.00  0.00 44.00  0.00 45.00  0.00 12.92 
4  38.00  0.00 39.00  0.00 45.00  0.00 46.00  0.00 18.28 
4  38.00  0.00 39.00  0.00 46.00  0.00 47.00  0.00 20.63 
4  39.00  0.00 40.00  0.00 41.00  0.00 42.00  0.00 90.49 
4  39.00  0.00 40.00  0.00 42.00  0.00 43.00  0.00 37.26 
4  39.00  0.00 40.00  0.00 43.00  0.00 44.00  0.00 17.49 
4  39.00  0.00 40.00  0.00 44.00  0.00 45.00  0.00 12.99 
4  39.00  0.00 40.00  0.00 45.00  0.00 46.00  0.00 8.74 
4  39.00  0.00 40.00  0.00 46.00  0.00 47.00  0.00 10.78 
4  40.00  0.00 41.00  0.00 42.00  0.00 43.00  0.00 104.75 
4  40.00  0.00 41.00  0.00 43.00  0.00 44.00  0.00 43.08 
4  40.00  0.00 41.00  0.00 44.00  0.00 45.00  0.00 19.96 
4  40.00  0.00 41.00  0.00 45.00  0.00 46.00  0.00 13.14 
4  40.00  0.00 41.00  0.00 46.00  0.00 47.00  0.00 3.49 
4  41.00  0.00 42.00  0.00 43.00  0.00 44.00  0.00 108.36 
4  41.00  0.00 42.00  0.00 44.00  0.00 45.00  0.00 49.51 
4  41.00  0.00 42.00  0.00 45.00  0.00 46.00  0.00 24.16 
4  41.00  0.00 42.00  0.00 46.00  0.00 47.00  0.00 16.33 
4  42.00  0.00 43.00  0.00 44.00  0.00 45.00  0.00 133.44 
4  42.00  0.00 43.00  0.00 45.00  0.00 46.00  0.00 53.02 
4  42.00  0.00 43.00  0.00 46.00  0.00 47.00  0.00 27.30 
4  43.00  0.00 44.00  0.00 45.00  0.00 46.00  0.00 105.21 
4  43.00  0.00 44.00  0.00 46.00  0.00 47.00  0.00 49.53 
4  44.00  0.00 45.00  0.00 46.00  0.00 47.00  0.00 122.82 
4  37.00  0.00 38.00  0.00 47.00  0.00 48.00  0.00 15.70 
4  38.00  0.00 39.00  0.00 47.00  0.00 48.00  0.00 19.74 
4  38.00  0.00 39.00  0.00 48.00  0.00 49.00  0.00 26.82 
4  39.00  0.00 40.00  0.00 47.00  0.00 48.00  0.00 9.60 
4  39.00  0.00 40.00  0.00 48.00  0.00 49.00  0.00 15.74 
4  39.00  0.00 40.00  0.00 49.00  0.00 50.00  0.00 12.29 
4  40.00  0.00 41.00  0.00 47.00  0.00 48.00  0.00 16.88 
4  40.00  0.00 41.00  0.00 48.00  0.00 49.00  0.00 16.76 
4  40.00  0.00 41.00  0.00 49.00  0.00 50.00  0.00 19.55 
4  40.00  0.00 41.00  0.00 50.00  0.00 51.00  0.00 43.05 
4  41.00  0.00 42.00  0.00 47.00  0.00 48.00  0.00 18.30 
4  41.00  0.00 42.00  0.00 48.00  0.00 49.00  0.00 17.91 
4  41.00  0.00 42.00  0.00 49.00  0.00 50.00  0.00 12.43 
4  41.00  0.00 42.00  0.00 50.00  0.00 51.00  0.00 13.89 
4  41.00  0.00 42.00  0.00 51.00  0.00 52.00  0.00 14.58 
4  42.00  0.00 43.00  0.00 47.00  0.00 48.00  0.00 22.17 
4  42.00  0.00 43.00  0.00 48.00  0.00 49.00  0.00 21.51 
4  42.00  0.00 43.00  0.00 49.00  0.00 50.00  0.00 16.25 
4  42.00  0.00 43.00  0.00 50.00  0.00 51.00  0.00 10.77 
4  42.00  0.00 43.00  0.00 51.00  0.00 52.00  0.00 26.19 
4  42.00  0.00 43.00  0.00 52.00  0.00 53.00  0.00 26.64 
4  43.00  0.00 44.00  0.00 47.00  0.00 48.00  0.00 31.37 
4  43.00  0.00 44.00  0.00 48.00  0.00 49.00  0.00 15.52 
4  43.00  0.00 44.00  0.00 49.00  0.00 50.00  0.00 18.79 
4  43.00  0.00 44.00  0.00 50.00  0.00 51.00  0.00 20.44 
4  43.00  0.00 44.00  0.00 51.00  0.00 52.00  0.00 28.95 
4  43.00  0.00 44.00  0.00 52.00  0.00 53.00  0.00 26.17 
4  43.00  0.00 44.00  0.00 53.00  0.00 54.00  0.00 17.09 
4  44.00  0.00 45.00  0.00 47.00  0.00 48.00  0.00 65.16 
4  44.00  0.00 45.00  0.00 48.00  0.00 49.00  0.00 39.90 
4  44.00  0.00 45.00  0.00 49.00  0.00 50.00  0.00 24.41 
4  44.00  0.00 45.00  0.00 50.00  0.00 51.00  0.00 16.57 
4  44.00  0.00 45.00  0.00 51.00  0.00 52.00  0.00 14.49 
4  44.00  0.00 45.00  0.00 52.00  0.00 53.00  0.00 13.86 
4  44.00  0.00 45.00  0.00 53.00  0.00 54.00  0.00 18.63 
4  44.00  0.00 45.00  0.00 54.00  0.00 55.00  0.00 26.71 
4  45.00  0.00 46.00  0.00 47.00  0.00 48.00  0.00 163.58 
4  45.00  0.00 46.00  0.00 48.00  0.00 49.00  0.00 84.95 
4  45.00  0.00 46.00  0.00 49.00  0.00 50.00  0.00 42.85 
4  45.00  0.00 46.00  0.00 50.00  0.00 51.00  0.00 25.11 
4  45.00  0.00 46.00  0.00 51.00  0.00 52.00  0.00 18.65 
4  45.00  0.00 46.00  0.00 52.00  0.00 53.00  0.00 18.09 
4  45.00  0.00 46.00  0.00 53.00  0.00 54.00  0.00 6.13 
4  45.00  0.00 46.00  0.00 54.00  0.00 55.00  0.00 52.49 
4  45.00  0.00 46.00  0.00 55.00  0.00 56.00  0.00 41.65 
4  46.00  0.00 47.00  0.00 48.00  0.00 49.00  0.00 148.89 
4  46.00  0.00 47.00  0.00 49.00  0.00 50.00  0.00 80.22 
4  46.00  0.00 47.00  0.00 50.00  0.00 51.00  0.00 38.59 
4  46.00  0.00 47.00  0.00 51.00  0.00 52.00  0.00 19.55 
4  46.00  0.00 47.00  0.00 52.00  0.00 53.00  0.00 15.87 
4  46.00  0.00 47.00  0.00 53.00  0.00 54.00  0.00 13.06 
4  46.00  0.00 47.00  0.00 54.00  0.00 55.00  0.00 24.07 
4  46.00  0.00 47.00  0.00 55.00  0.00 56.00  0.00 16.04 
4  46.00  0.00 47.00  0.00 56.00  0.00 57.00  0.00 15.57 
4  47.00  0.00 48.00  0.00 49.00  0.00 50.00  0.00 155.43 
4  47.00  0.00 48.00  0.00 50.00  0.00 51.00  0.00 77.74 
4  47.00  0.00 48.00  0.00 51.00  0.00 52.00  0.00 40.25 
4  47.00  0.00 48.00  0.00 52.00  0.00 53.00  0.00 25.49 
4  47.00  0.00 48.00  0.00 53.00  0.00 54.00  0.00 22.31 
4  47.00  0.00 48.00  0.00 54.00  0.00 55.00  0.00 19.10 
4  47.00  0.00 48.00  0.00 55.00  0.00 56.00  0.00 24.72 
4  47.00  0.00 48.00  0.00 56.00  0.00 57.00  0.00 33.17 
4  47.00  0.00 48.00  0.00 57.00  0.00 58.00  0.00 27.84 
4  48.00  0.00 49.00  0.00 50.00  0.00 51.00  0.00 137.20 
4  48.00  0.00 49.00  0.00 51.00  0.00 52.00  0.00 73.01 
4  48.00  0.00 49.00  0.00 52.00  0.00 53.00  0.00 41.25 
4  48.00  0.00 49.00  0.00 53.00  0.00 54.00  0.00 29.24 
4  48.00  0.00 49.00  0.00 54.00  0.00 55.00  0.00 22.64 
4  48.00  0.00 49.00  0.00 55.00  0.00 56.00  0.00 27.06 
4  48.00  0.00 49.00  0.00 56.00  0.00 57.00  0.00 28.25 
4  48.00  0.00 49.00  0.00 57.00  0.00 58.00  0.00 44.16 
4  48.00  0.00 49.00  0.00 58.00  0.00 59.00  0.00 24.92 
4  49.00  0.00 50.00  0.00 51.00  0.00 52.00  0.00 127.98 
4  49.00  0.00 50.00  0.00 52.00  0.00 53.00  0.00 74.02 
4  49.00  0.00 50.00  0.00 53.00  0.00 54.00  0.00 42.40 
4  49.00  0.00 50.00  0.00 54.00  0.00 55.00  0.00 29.27 
4  49.00  0.00 50.00  0.00 55.00  0.00 56.00  0.00 26.32 
4  49.00  0.00 50.00  0.00 56.00  0.00 57.00  0.00 18.13 
4  49.00  0.00 50.00  0.00 57.00  0.00 58.00  0.00 38.34 
4  49.00  0.00 50.00  0.00 58.00  0.00 59.00  0.00 15.17 
4  50.00  0.00 51.00  0.00 52.00  0.00 53.00  0.00 129.30 
4  50.00  0.00 51.00  0.00 53.00  0.00 54.00  0.00 77.45 
4  50.00  0.00 51.00  0.00 54.00  0.00 55.00  0.00 44.31 
4  50.00  0.00 51.00  0.00 55.00  0.00 56.00  0.00 31.68 
4  50.00  0.00 51.00  0.00 56.00  0.00 57.00  0.00 25.51 
4  50.00  0.00 51.00  0.00 57.00  0.00 58.00  0.00 25.01 
4  50.00  0.00 51.00  0.00 58.00  0.00 59.00  0.00 40.20 
4  51.00  0.00 52.00  0.00 53.00  0.00 54.00  0.00 127.63 
4  51.00  0.00 52.00  0.00 54.00  0.00 55.00  0.00 70.36 
4  51.00  0.00 52.00  0.00 55.00  0.00 56.00  0.00 45.36 
4  51.00  0.00 52.00  0.00 56.00  0.00 57.00  0.00 34.16 
4  51.00  0.00 52.00  0.00 57.00  0.00 58.00  0.00 32.32 
4  51.00  0.00 52.00  0.00 58.00  0.00 59.00  0.00 29.54 
4  52.00  0.00 53.00  0.00 54.00  0.00 55.00  0.00 125.10 
4  52.00  0.00 53.00  0.00 55.00  0.00 56.00  0.00 75.38 
4  52.00  0.00 53.00  0.00 56.00  0.00 57.00  0.00 42.87 
4  52.00  0.00 53.00  0.00 57.00  0.00 58.00  0.00 37.26 
4  52.00  0.00 53.00  0.00 58.00  0.00 59.00  0.00 30.65 
4  53.00  0.00 54.00  0.00 55.00  0.00 56.00  0.00 125.65 
4  53.00  0.00 54.00  0.00 56.00  0.00 57.00  0.00 64.10 
4  53.00  0.00 54.00  0.00 57.00  0.00 58.00  0.00 42.43 
4  53.00  0.00 54.00  0.00 58.00  0.00 59.00  0.00 36.12 
4  54.00  0.00 55.00  0.00 56.00  0.00 57.00  0.00 127.07 
4  54.00  0.00 55.00  0.00 57.00  0.00 58.00  0.00 63.53 
4  54.00  0.00 55.00  0.00 58.00  0.00 59.00  0.00 40.61 
4  55.00  0.00 56.00  0.00 57.00  0.00 58.00  0.00 144.21 
4  55.00  0.00 56.00  0.00 58.00  0.00 59.00  0.00 67.31 
4  56.00  0.00 57.00  0.00 58.00  0.00 59.00  0.00 158.74 
4  49.00  0.00 50.00  0.00 59.00  0.00 60.00  0.00 43.78 
4  50.00  0.00 51.00  0.00 59.00  0.00 60.00  0.00 51.41 
4  50.00  0.00 51.00  0.00 60.00  0.00 61.00  0.00 29.93 
4  51.00  0.00 52.00  0.00 59.00  0.00 60.00  0.00 36.83 
4  51.00  0.00 52.00  0.00 60.00  0.00 61.00  0.00 12.01 
4  51.00  0.00 52.00  0.00 61.00  0.00 62.00  0.00 25.72 
4  52.00  0.00 53.00  0.00 59.00  0.00 60.00  0.00 44.30 
4  52.00  0.00 53.00  0.00 60.00  0.00 61.00  0.00 38.19 
4  52.00  0.00 53.00  0.00 61.00  0.00 62.00  0.00 22.73 
4  52.00  0.00 53.00  0.00 62.00  0.00 63.00  0.00 18.80 
4  53.00  0.00 54.00  0.00 59.00  0.00 60.00  0.00 30.46 
4  53.00  0.00 54.00  0.00 60.00  0.00 61.00  0.00 37.35 
4  53.00  0.00 54.00  0.00 61.00  0.00 62.00  0.00 23.05 
4  53.00  0.00 54.00  0.00 62.00  0.00 63.00  0.00 38.67 
4  53.00  0.00 54.00  0.00 63.00  0.00 64.00  0.00 28.17 
4  54.00  0.00 55.00  0.00 59.00  0.00 60.00  0.00 36.21 
4  54.00  0.00 55.00  0.00 60.00  0.00 61.00  0.00 37.95 
4  54.00  0.00 55.00  0.00 61.00  0.00 62.00  0.00 28.77 
4  54.00  0.00 55.00  0.00 62.00  0.00 63.00  0.00 45.39 
4  54.00  0.00 55.00  0.00 63.00  0.00 64.00  0.00 48.99 
4  54.00  0.00 55.00  0.00 64.00  0.00 65.00  0.00 60.86 
4  55.00  0.00 56.00  0.00 59.00  0.00 60.00  0.00 45.45 
4  55.00  0.00 56.00  0.00 60.00  0.00 61.00  0.00 38.04 
4  55.00  0.00 56.00  0.00 61.00  0.00 62.00  0.00 40.60 
4  55.00  0.00 56.00  0.00 62.00  0.00 63.00  0.00 46.32 
4  55.00  0.00 56.00  0.00 63.00  0.00 64.00  0.00 43.39 
4  55.00  0.00 56.00  0.00 64.00  0.00 65.00  0.00 48.39 
4  55.00  0.00 56.00  0.00 65.00  0.00 66.00  0.00 50.03 
4  56.00  0.00 57.00  0.00 59.00  0.00 60.00  0.00 70.38 
4  56.00  0.00 57.00  0.00 60.00  0.00 61.00  0.00 47.46 
4  56.00  0.00 57.00  0.00 61.00  0.00 62.00  0.00 44.62 
4  56.00  0.00 57.00  0.00 62.00  0.00 63.00  0.00 49.06 
4  56.00  0.00 57.00  0.00 63.00  0.00 64.00  0.00 51.41 
4  56.00  0.00 57.00  0.00 64.00  0.00 65.00  0.00 57.26 
4  56.00  0.00 57.00  0.00 65.00  0.00 66.00  0.00 61.07 
4  56.00  0.00 57.00  0.00 66.00  0.00 67.00  0.00 78.28 
4  57.00  0.00 58.00  0.00 59.00  0.00 60.00  0.00 145.09 
4  57.00  0.00 58.00  0.00 60.00  0.00 61.00  0.00 63.63 
4  57.00  0.00 58.00  0.00 61.00  0.00 62.00  0.00 43.90 
4  57.00  0.00 58.00  0.00 62.00  0.00 63.00  0.00 49.79 
4  57.00  0.00 58.00  0.00 63.00  0.00 64.00  0.00 51.44 
4  57.00  0.00 58.00  0.00 64.00  0.00 65.00  0.00 47.29 
4  57.00  0.00 58.00  0.00 65.00  0.00 66.00  0.00 56.92 
4  57.00  0.00 58.00  0.00 66.00  0.00 67.00  0.00 44.42 
4  57.00  0.00 58.00  0.00 67.00  0.00 68.00  0.00 26.08 
4  58.00  0.00 59.00  0.00 60.00  0.00 61.00  0.00 125.37 
4  58.00  0.00 59.00  0.00 61.00  0.00 62.00  0.00 56.60 
4  58.00  0.00 59.00  0.00 62.00  0.00 63.00  0.00 55.44 
4  58.00  0.00 59.00  0.00 63.00  0.00 64.00  0.00 54.65 
4  58.00  0.00 59.00  0.00 64.00  0.00 65.00  0.00 56.51 
4  58.00  0.00 59.00  0.00 65.00  0.00 66.00  0.00 47.83 
4  58.00  0.00 59.00  0.00 66.00  0.00 67.00  0.00 48.27 
4  58.00  0.00 59.00  0.00 67.00  0.00 68.00  0.00 63.45 
4  58.00  0.00 59.00  0.00 68.00  0.00 69.00  0.00 40.01 
4  59.00  0.00 60.00  0.00 61.00  0.00 62.00  0.00 108.45 
4  59.00  0.00 60.00  0.00 62.00  0.00 63.00  0.00 65.69 
4  59.00  0.00 60.00  0.00 63.00  0.00 64.00  0.00 64.49 
4  59.00  0.00 60.00  0.00 64.00  0.00 65.00  0.00 57.65 
4  59.00  0.00 60.00  0.00 65.00  0.00 66.00  0.00 58.47 
4  59.00  0.00 60.00  0.00 66.00  0.00 67.00  0.00 53.03 
4  59.00  0.00 60.00  0.00 67.00  0.00 68.00  0.00 55.05 
4  59.00  0.00 60.00  0.00 68.00  0.00 69.00  0.00 67.01 
4  59.00  0.00 60.00  0.00 69.00  0.00 70.00  0.00 78.39 
4  60.00  0.00 61.00  0.00 62.00  0.00 63.00  0.00 101.13 
4  60.00  0.00 61.00  0.00 63.00  0.00 64.00  0.00 69.77 
4  60.00  0.00 61.00  0.00 64.00  0.00 65.00  0.00 58.36 
4  60.00  0.00 61.00  0.00 65.00  0.00 66.00  0.00 58.60 
4  60.00  0.00 61.00  0.00 66.00  0.00 67.00  0.00 57.98 
4  60.00  0.00 61.00  0.00 67.00  0.00 68.00  0.00 60.55 
4  60.00  0.00 61.00  0.00 68.00  0.00 69.00  0.00 57.65 
4  60.00  0.00 61.00  0.00 69.00  0.00 70.00  0.00 63.01 
4  60.00  0.00 61.00  0.00 70.00  0.00 71.00  0.00 47.45 
4  61.00  0.00 62.00  0.00 63.00  0.00 64.00  0.00 106.73 
4  61.00  0.00 62.00  0.00 64.00  0.00 65.00  0.00 66.64 
4  61.00  0.00 62.00  0.00 65.00  0.00 66.00  0.00 65.28 
4  61.00  0.00 62.00  0.00 66.00  0.00 67.00  0.00 64.34 
4  61.00  0.00 62.00  0.00 67.00  0.00 68.00  0.00 62.56 
4  61.00  0.00 62.00  0.00 68.00  0.00 69.00  0.00 60.32 
4  61.00  0.00 62.00  0.00 69.00  0.00 70.00  0.00 65.37 
4  61.00  0.00 62.00  0.00 70.00  0.00 71.00  0.00 62.84 
4  62.00  0.00 63.00  0.00 64.00  0.00 65.00  0.00 102.62 
4  62.00  0.00 63.00  0.00 65.00  0.00 66.00  0.00 80.45 
4  62.00  0.00 63.00  0.00 66.00  0.00 67.00  0.00 73.81 
4  62.00  0.00 63.00  0.00 67.00  0.00 68.00  0.00 69.23 
4  62.00  0.00 63.00  0.00 68.00  0.00 69.00  0.00 72.05 
4  62.00  0.00 63.00  0.00 69.00  0.00 70.00  0.00 64.21 
4  62.00  0.00 63.00  0.00 70.00  0.00 71.00  0.00 64.63 
4  63.00  0.00 64.00  0.00 65.00  0.00 66.00  0.00 148.99 
4  63.00  0.00 64.00  0.00 66.00  0.00 67.00  0.00 93.80 
4  63.00  0.00 64.00  0.00 67.00  0.00 68.00  0.00 80.90 
4  63.00  0.00 64.00  0.00 68.00  0.00 69.00  0.00 85.13 
4  63.00  0.00 64.00  0.00 69.00  0.00 70.00  0.00 78.28 
4  63.00  0.00 64.00  0.00 70.00  0.00 71.00  0.00 72.03 
4  64.00  0.00 65.00  0.00 66.00  0.00 67.00  0.00 151.65 
4  64.00  0.00 65.00  0.00 67.00  0.00 68.00  0.00 90.72 
4  64.00  0.00 65.00  0.00 68.00  0.00 69.00  0.00 84.42 
4  64.00  0.00 65.00  0.00 69.00  0.00 70.00  0.00 75.96 
4  64.00  0.00 65.00  0.00 70.00  0.00 71.00  0.00 75.51 
4  65.00  0.00 66.00  0.00 67.00  0.00 68.00  0.00 153.68 
4  65.00  0.00 66.00  0.00 68.00  0.00 69.00  0.00 99.23 
4  65.00  0.00 66.00  0.00 69.00  0.00 70.00  0.00 81.93 
4  65.00  0.00 66.00  0.00 70.00  0.00 71.00  0.00 79.42 
4  66.00  0.00 67.00  0.00 68.00  0.00 69.00  0.00 170.70 
4  66.00  0.00 67.00  0.00 69.00  0.00 70.00  0.00 97.71 
4  66.00  0.00 67.00  0.00 70.00  0.00 71.00  0.00 85.04 
4  67.00  0.00 68.00  0.00 69.00  0.00 70.00  0.00 151.33 
4  67.00  0.00 68.00  0.00 70.00  0.00 71.00  0.00 95.73 
4  68.00  0.00 69.00  0.00 70.00  0.00 71.00  0.00 175.09 
4  61.00  0.00 62.00  0.00 71.00  0.00 72.00  0.00 80.04 
4  62.00  0.00 63.00  0.00 71.00  0.00 72.00  0.00 67.79 
4  62.00  0.00 63.00  0.00 72.00  0.00 73.00  0.00 60.75 
4  63.00  0.00 64.00  0.00 71.00  0.00 72.00  0.00 83.07 
4  63.00  0.00 64.00  0.00 72.00  0.00 73.00  0.00 65.77 
4  63.00  0.00 64.00  0.00 73.00  0.00 74.00  0.00 101.35 
4  64.00  0.00 65.00  0.00 71.00  0.00 72.00  0.00 78.53 
4  64.00  0.00 65.00  0.00 72.00  0.00 73.00  0.00 76.31 
4  64.00  0.00 65.00  0.00 73.00  0.00 74.00  0.00 66.27 
4  64.00  0.00 65.00  0.00 74.00  0.00 75.00  0.00 74.39 
4  65.00  0.00 66.00  0.00 71.00  0.00 72.00  0.00 84.35 
4  65.00  0.00 66.00  0.00 72.00  0.00 73.00  0.00 87.33 
4  65.00  0.00 66.00  0.00 73.00  0.00 74.00  0.00 69.16 
4  65.00  0.00 66.00  0.00 74.00  0.00 75.00  0.00 82.74 
4  65.00  0.00 66.00  0.00 75.00  0.00 76.00  0.00 77.30 
4  66.00  0.00 67.00  0.00 71.00  0.00 72.00  0.00 80.73 
4  66.00  0.00 67.00  0.00 72.00  0.00 73.00  0.00 79.35 
4  66.00  0.00 67.00  0.00 73.00  0.00 74.00  0.00 74.97 
4  66.00  0.00 67.00  0.00 74.00  0.00 75.00  0.00 101.95 
4  66.00  0.00 67.00  0.00 75.00  0.00 76.00  0.00 67.29 
4  66.00  0.00 67.00  0.00 76.00  0.00 77.00  0.00 92.59 
4  67.00  0.00 68.00  0.00 71.00  0.00 72.00  0.00 82.65 
4  67.00  0.00 68.00  0.00 72.00  0.00 73.00  0.00 74.57 
4  67.00  0.00 68.00  0.00 73.00  0.00 74.00  0.00 83.19 
4  67.00  0.00 68.00  0.00 74.00  0.00 75.00  0.00 67.16 
4  67.00  0.00 68.00  0.00 75.00  0.00 76.00  0.00 91.87 
4  67.00  0.00 68.00  0.00 76.00  0.00 77.00  0.00 82.09 
4  67.00  0.00 68.00  0.00 77.00  0.00 78.00  0.00 72.85 
4  68.00  0.00 69.00  0.00 71.00  0.00 72.00  0.00 96.30 
4  68.00  0.00 69.00  0.00 72.00  0.00 73.00  0.00 80.67 
4  68.00  0.00 69.00  0.00 73.00  0.00 74.00  0.00 78.02 
4  68.00  0.00 69.00  0.00 74.00  0.00 75.00  0.00 78.70 
4  68.00  0.00 69.00  0.00 75.00  0.00 76.00  0.00 90.27 
4  68.00  0.00 69.00  0.00 76.00  0.00 77.00  0.00 107.91 
4  68.00  0.00 69.00  0.00 77.00  0.00 78.00  0.00 68.27 
4  68.00  0.00 69.00  0.00 78.00  0.00 79.00  0.00 80.33 
4  69.00  0.00 70.00  0.00 71.00  0.00 72.00  0.00 168.43 
4  69.00  0.00 70.00  0.00 72.00  0.00 73.00  0.00 81.93 
4  69.00  0.00 70.00  0.00 73.00  0.00 74.00  0.00 74.09 
4  69.00  0.00 70.00  0.00 74.00  0.00 75.00  0.00 72.84 
4  69.00  0.00 70.00  0.00 75.00  0.00 76.00  0.00 93.21 
4  69.00  0.00 70.00  0.00 76.00  0.00 77.00  0.00 89.26 
4  69.00  0.00 70.00  0.00 77.00  0.00 78.00  0.00 90.58 
4  69.00  0.00 70.00  0.00 78.00  0.00 79.00  0.00 117.49 
4  69.00  0.00 70.00  0.00 79.00  0.00 80.00  0.00 109.63 
4  70.00  0.00 71.00  0.00 72.00  0.00 73.00  0.00 146.75 
4  70.00  0.00 71.00  0.00 73.00  0.00 74.00  0.00 79.24 
4  70.00  0.00 71.00  0.00 74.00  0.00 75.00  0.00 75.39 
4  70.00  0.00 71.00  0.00 75.00  0.00 76.00  0.00 81.83 
4  70.00  0.00 71.00  0.00 76.00  0.00 77.00  0.00 91.76 
4  70.00  0.00 71.00  0.00 77.00  0.00 78.00  0.00 89.47 
4  70.00  0.00 71.00  0.00 78.00  0.00 79.00  0.00 83.07 
4  70.00  0.00 71.00  0.00 79.00  0.00 80.00  0.00 94.31 
4  70.00  0.00 71.00  0.00 80.00  0.00 81.00  0.00 105.87 
4  71.00  0.00 72.00  0.00 73.00  0.00 74.00  0.00 110.30 
4  71.00  0.00 72.00  0.00 74.00  0.00 75.00  0.00 70.34 
4  71.00  0.00 72.00  0.00 75.00  0.00 76.00  0.00 78.01 
4  71.00  0.00 72.00  0.00 76.00  0.00 77.00  0.00 84.74 
4  71.00  0.00 72.00  0.00 77.00  0.00 78.00  0.00 89.96 
4  71.00  0.00 72.00  0.00 78.00  0.00 79.00  0.00 90.85 
4  71.00  0.00 72.00  0.00 79.00  0.00 80.00  0.00 99.15 
4  71.00  0.00 72.00  0.00 80.00  0.00 81.00  0.00 91.85 
4  71.00  0.00 72.00  0.00 81.00  0.00 82.00  0.00 90.30 
4  72.00  0.00 73.00  0.00 74.00  0.00 75.00  0.00 114.11 
4  72.00  0.00 73.00  0.00 75.00  0.00 76.00  0.00 74.73 
4  72.00  0.00 73.00  0.00 76.00  0.00 77.00  0.00 76.85 
4  72.00  0.00 73.00  0.00 77.00  0.00 78.00  0.00 84.22 
4  72.00  0.00 73.00  0.00 78.00  0.00 79.00  0.00 87.67 
4  72.00  0.00 73.00  0.00 79.00  0.00 80.00  0.00 91.81 
4  72.00  0.00 73.00  0.00 80.00  0.00 81.00  0.00 95.96 
4  72.00  0.00 73.00  0.00 81.00  0.00 82.00  0.00 85.70 
4  72.00  0.00 73.00  0.00 82.00  0.00 83.00  0.00 75.06 
4  73.00  0.00 74.00  0.00 75.00  0.00 76.00  0.00 139.84 
4  73.00  0.00 74.00  0.00 76.00  0.00 77.00  0.00 82.63 
4  73.00  0.00 74.00  0.00 77.00  0.00 78.00  0.00 80.37 
4  73.00  0.00 74.00  0.00 78.00  0.00 79.00  0.00 87.19 
4  73.00  0.00 74.00  0.00 79.00  0.00 80.00  0.00 93.73 
4  73.00  0.00 74.00  0.00 80.00  0.00 81.00  0.00 88.75 
4  73.00  0.00 74.00  0.00 81.00  0.00 82.00  0.00 89.51 
4  73.00  0.00 74.00  0.00 82.00  0.00 83.00  0.00 84.15 
4  74.00  0.00 75.00  0.00 76.00  0.00 77.00  0.00 146.53 
4  74.00  0.00 75.00  0.00 77.00  0.00 78.00  0.00 82.03 
4  74.00  0.00 75.00  0.00 78.00  0.00 79.00  0.00 84.79 
4  74.00  0.00 75.00  0.00 79.00  0.00 80.00  0.00 93.95 
4  74.00  0.00 75.00  0.00 80.00  0.00 81.00  0.00 92.63 
4  74.00  0.00 75.00  0.00 81.00  0.00 82.00  0.00 80.94 
4  74.00  0.00 75.00  0.00 82.00  0.00 83.00  0.00 64.87 
4  75.00  0.00 76.00  0.00 77.00  0.00 78.00  0.00 138.43 
4  75.00  0.00 76.00  0.00 78.00  0.00 79.00  0.00 96.94 
4  75.00  0.00 76.00  0.00 79.00  0.00 80.00  0.00 96.38 
4  75.00  0.00 76.00  0.00 80.00  0.00 81.00  0.00 100.02 
4  75.00  0.00 76.00  0.00 81.00  0.00 82.00  0.00 89.48 
4  75.00  0.00 76.00  0.00 82.00  0.00 83.00  0.00 88.83 
4  76.00  0.00 77.00  0.00 78.00  0.00 79.00  0.00 188.39 
4  76.00  0.00 77.00  0.00 79.00  0.00 80.00  0.00 115.13 
4  76.00  0.00 77.00  0.00 80.00  0.00 81.00  0.00 106.46 
4  76.00  0.00 77.00  0.00 81.00  0.00 82.00  0.00 99.77 
4  76.00  0.00 77.00  0.00 82.00  0.00 83.00  0.00 88.63 
4  77.00  0.00 78.00  0.00 79.00  0.00 80.00  0.00 220.10 
4  77.00  0.00 78.00  0.00 80.00  0.00 81.00  0.00 120.07 
4  77.00  0.00 78.00  0.00 81.00  0.00 82.00  0.00 106.52 
4  77.00  0.00 78.00  0.00 82.00  0.00 83.00  0.00 92.39 
4  78.00  0.00 79.00  0.00 80.00  0.00 81.00  0.00 194.27 
4  78.00  0.00 79.00  0.00 81.00  0.00 82.00  0.00 118.04 
4  78.00  0.00 79.00  0.00 82.00  0.00 83.00  0.00 95.92 
4  79.00  0.00 80.00  0.00 81.00  0.00 82.00  0.00 173.30 
4  79.00  0.00 80.00  0.00 82.00  0.00 83.00  0.00 112.63 
4  80.00  0.00 81.00  0.00 82.00  0.00 83.00  0.00 153.83 
4  13.00  0.00 14.00  0.00 23.00  0.00 24.00  0.00 76.22 
4  14.00  0.00 15.00  0.00 23.00  0.00 24.00  0.00 76.11 
4  14.00  0.00 15.00  0.00 24.00  0.00 25.00  0.00 80.20 
4  15.00  0.00 16.00  0.00 23.00  0.00 24.00  0.00 82.28 
4  15.00  0.00 16.00  0.00 24.00  0.00 25.00  0.00 91.76 
4  15.00  0.00 16.00  0.00 25.00  0.00 26.00  0.00 25.56 
4  16.00  0.00 17.00  0.00 23.00  0.00 24.00  0.00 81.62 
4  16.00  0.00 17.00  0.00 24.00  0.00 25.00  0.00 83.30 
4  16.00  0.00 17.00  0.00 25.00  0.00 26.00  0.00 99.44 
4  16.00  0.00 17.00  0.00 26.00  0.00 27.00  0.00 54.68 
4  17.00  0.00 18.00  0.00 23.00  0.00 24.00  0.00 87.11 
4  17.00  0.00 18.00  0.00 24.00  0.00 25.00  0.00 83.77 
4  17.00  0.00 18.00  0.00 25.00  0.00 26.00  0.00 101.76 
4  17.00  0.00 18.00  0.00 26.00  0.00 27.00  0.00 66.62 
4  17.00  0.00 18.00  0.00 27.00  0.00 28.00  0.00 47.92 
4  18.00  0.00 19.00  0.00 23.00  0.00 24.00  0.00 94.84 
4  18.00  0.00 19.00  0.00 24.00  0.00 25.00  0.00 90.23 
4  18.00  0.00 19.00  0.00 25.00  0.00 26.00  0.00 94.33 
4  18.00  0.00 19.00  0.00 26.00  0.00 27.00  0.00 79.03 
4  18.00  0.00 19.00  0.00 27.00  0.00 28.00  0.00 103.25 
4  18.00  0.00 19.00  0.00 28.00  0.00 29.00  0.00 94.73 
4  19.00  0.00 20.00  0.00 23.00  0.00 24.00  0.00 107.13 
4  19.00  0.00 20.00  0.00 24.00  0.00 25.00  0.00 99.01 
4  19.00  0.00 20.00  0.00 25.00  0.00 26.00  0.00 97.00 
4  19.00  0.00 20.00  0.00 26.00  0.00 27.00  0.00 103.98 
4  19.00  0.00 20.00  0.00 27.00  0.00 28.00  0.00 91.44 
4  19.00  0.00 20.00  0.00 28.00  0.00 29.00  0.00 105.11 
4  19.00  0.00 20.00  0.00 29.00  0.00 30.00  0.00 78.59 
4  20.00  0.00 21.00  0.00 23.00  0.00 24.00  0.00 112.31 
4  20.00  0.00 21.00  0.00 24.00  0.00 25.00  0.00 104.99 
4  20.00  0.00 21.00  0.00 25.00  0.00 26.00  0.00 108.28 
4  20.00  0.00 21.00  0.00 26.00  0.00 27.00  0.00 105.03 
4  20.00  0.00 21.00  0.00 27.00  0.00 28.00  0.00 103.34 
4  20.00  0.00 21.00  0.00 28.00  0.00 29.00  0.00 99.67 
4  20.00  0.00 21.00  0.00 29.00  0.00 30.00  0.00 93.88 
4  20.00  0.00 21.00  0.00 30.00  0.00 31.00  0.00 57.01 
4  21.00  0.00 22.00  0.00 23.00  0.00 24.00  0.00 143.32 
4  21.00  0.00 22.00  0.00 24.00  0.00 25.00  0.00 106.97 
4  21.00  0.00 22.00  0.00 25.00  0.00 26.00  0.00 102.32 
4  21.00  0.00 22.00  0.00 26.00  0.00 27.00  0.00 96.95 
4  21.00  0.00 22.00  0.00 27.00  0.00 28.00  0.00 101.12 
4  21.00  0.00 22.00  0.00 28.00  0.00 29.00  0.00 98.16 
4  21.00  0.00 22.00  0.00 29.00  0.00 30.00  0.00 106.29 
4  21.00  0.00 22.00  0.00 30.00  0.00 31.00  0.00 137.03 
4  21.00  0.00 22.00  0.00 31.00  0.00 32.00  0.00 101.40 
4  22.00  0.00 23.00  0.00 24.00  0.00 25.00  0.00 113.62 
4  22.00  0.00 23.00  0.00 25.00  0.00 26.00  0.00 96.30 
4  22.00  0.00 23.00  0.00 26.00  0.00 27.00  0.00 93.66 
4  22.00  0.00 23.00  0.00 27.00  0.00 28.00  0.00 93.15 
4  22.00  0.00 23.00  0.00 28.00  0.00 29.00  0.00 95.34 
4  22.00  0.00 23.00  0.00 29.00  0.00 30.00  0.00 111.51 
4  22.00  0.00 23.00  0.00 30.00  0.00 31.00  0.00 81.97 
4  22.00  0.00 23.00  0.00 31.00  0.00 32.00  0.00 81.36 
4  22.00  0.00 23.00  0.00 32.00  0.00 33.00  0.00 56.71 
4  23.00  0.00 24.00  0.00 25.00  0.00 26.00  0.00 117.40 
4  23.00  0.00 24.00  0.00 26.00  0.00 27.00  0.00 98.13 
4  23.00  0.00 24.00  0.00 27.00  0.00 28.00  0.00 97.17 
4  23.00  0.00 24.00  0.00 28.00  0.00 29.00  0.00 102.90 
4  23.00  0.00 24.00  0.00 29.00  0.00 30.00  0.00 106.55 
4  23.00  0.00 24.00  0.00 30.00  0.00 31.00  0.00 91.35 
4  23.00  0.00 24.00  0.00 31.00  0.00 32.00  0.00 68.08 
4  23.00  0.00 24.00  0.00 32.00  0.00 33.00  0.00 66.00 
4  23.00  0.00 24.00  0.00 33.00  0.00 34.00  0.00 104.40 
4  24.00  0.00 25.00  0.00 26.00  0.00 27.00  0.00 116.54 
4  24.00  0.00 25.00  0.00 27.00  0.00 28.00  0.00 108.30 
4  24.00  0.00 25.00  0.00 28.00  0.00 29.00  0.00 111.86 
4  24.00  0.00 25.00  0.00 29.00  0.00 30.00  0.00 117.62 
4  24.00  0.00 25.00  0.00 30.00  0.00 31.00  0.00 95.53 
4  24.00  0.00 25.00  0.00 31.00  0.00 32.00  0.00 88.95 
4  24.00  0.00 25.00  0.00 32.00  0.00 33.00  0.00 82.61 
4  24.00  0.00 25.00  0.00 33.00  0.00 34.00  0.00 77.66 
4  24.00  0.00 25.00  0.00 34.00  0.00 35.00  0.00 101.47 
4  25.00  0.00 26.00  0.00 27.00  0.00 28.00  0.00 139.59 
4  25.00  0.00 26.00  0.00 28.00  0.00 29.00  0.00 126.43 
4  25.00  0.00 26.00  0.00 29.00  0.00 30.00  0.00 131.57 
4  25.00  0.00 26.00  0.00 30.00  0.00 31.00  0.00 108.09 
4  25.00  0.00 26.00  0.00 31.00  0.00 32.00  0.00 92.92 
4  25.00  0.00 26.00  0.00 32.00  0.00 33.00  0.00 80.83 
4  25.00  0.00 26.00  0.00 33.00  0.00 34.00  0.00 84.47 
4  25.00  0.00 26.00  0.00 34.00  0.00 35.00  0.00 69.64 
4  26.00  0.00 27.00  0.00 28.00  0.00 29.00  0.00 141.40 
4  26.00  0.00 27.00  0.00 29.00  0.00 30.00  0.00 132.79 
4  26.00  0.00 27.00  0.00 30.00  0.00 31.00  0.00 107.20 
4  26.00  0.00 27.00  0.00 31.00  0.00 32.00  0.00 94.30 
4  26.00  0.00 27.00  0.00 32.00  0.00 33.00  0.00 79.46 
4  26.00  0.00 27.00  0.00 33.00  0.00 34.00  0.00 83.73 
4  26.00  0.00 27.00  0.00 34.00  0.00 35.00  0.00 87.80 
4  27.00  0.00 28.00  0.00 29.00  0.00 30.00  0.00 149.92 
4  27.00  0.00 28.00  0.00 30.00  0.00 31.00  0.00 119.50 
4  27.00  0.00 28.00  0.00 31.00  0.00 32.00  0.00 99.53 
4  27.00  0.00 28.00  0.00 32.00  0.00 33.00  0.00 83.22 
4  27.00  0.00 28.00  0.00 33.00  0.00 34.00  0.00 86.72 
4  27.00  0.00 28.00  0.00 34.00  0.00 35.00  0.00 91.17 
4  28.00  0.00 29.00  0.00 30.00  0.00 31.00  0.00 135.73 
4  28.00  0.00 29.00  0.00 31.00  0.00 32.00  0.00 116.77 
4  28.00  0.00 29.00  0.00 32.00  0.00 33.00  0.00 94.61 
4  28.00  0.00 29.00  0.00 33.00  0.00 34.00  0.00 92.25 
4  28.00  0.00 29.00  0.00 34.00  0.00 35.00  0.00 88.30 
4  29.00  0.00 30.00  0.00 31.00  0.00 32.00  0.00 156.64 
4  29.00  0.00 30.00  0.00 32.00  0.00 33.00  0.00 124.07 
4  29.00  0.00 30.00  0.00 33.00  0.00 34.00  0.00 114.14 
4  29.00  0.00 30.00  0.00 34.00  0.00 35.00  0.00 107.27 
4  30.00  0.00 31.00  0.00 32.00  0.00 33.00  0.00 133.66 
4  30.00  0.00 31.00  0.00 33.00  0.00 34.00  0.00 124.20 
4  30.00  0.00 31.00  0.00 34.00  0.00 35.00  0.00 109.78 
4  31.00  0.00 32.00  0.00 33.00  0.00 34.00  0.00 139.41 
4  31.00  0.00 32.00  0.00 34.00  0.00 35.00  0.00 123.52 
4  32.00  0.00 33.00  0.00 34.00  0.00 35.00  0.00 129.55 
0
0
0
0
