mcline1.bin
         1.00
11
3
Type of measurement (0=app. resistivity,1=resistance)
0
801
 2
0
4  0.00  0.00 1.00  0.00 2.00  0.00 3.00  0.00 134.02 
4  0.00  0.00 1.00  0.00 3.00  0.00 4.00  0.00 81.67 
4  0.00  0.00 1.00  0.00 4.00  0.00 5.00  0.00 66.43 
4  0.00  0.00 1.00  0.00 5.00  0.00 6.00  0.00 55.62 
4  0.00  0.00 1.00  0.00 6.00  0.00 7.00  0.00 49.10 
4  0.00  0.00 1.00  0.00 7.00  0.00 8.00  0.00 54.86 
4  0.00  0.00 1.00  0.00 8.00  0.00 9.00  0.00 53.88 
4  0.00  0.00 1.00  0.00 9.00  0.00 10.00  0.00 62.76 
4  0.00  0.00 1.00  0.00 10.00  0.00 11.00  0.00 70.61 
4  1.00  0.00 2.00  0.00 3.00  0.00 4.00  0.00 129.51 
4  1.00  0.00 2.00  0.00 4.00  0.00 5.00  0.00 85.85 
4  1.00  0.00 2.00  0.00 5.00  0.00 6.00  0.00 63.06 
4  1.00  0.00 2.00  0.00 6.00  0.00 7.00  0.00 48.70 
4  1.00  0.00 2.00  0.00 7.00  0.00 8.00  0.00 53.32 
4  1.00  0.00 2.00  0.00 8.00  0.00 9.00  0.00 51.77 
4  1.00  0.00 2.00  0.00 9.00  0.00 10.00  0.00 62.25 
4  1.00  0.00 2.00  0.00 10.00  0.00 11.00  0.00 77.51 
4  1.00  0.00 2.00  0.00 11.00  0.00 12.00  0.00 82.17 
4  2.00  0.00 3.00  0.00 4.00  0.00 5.00  0.00 122.91 
4  2.00  0.00 3.00  0.00 5.00  0.00 6.00  0.00 79.05 
4  2.00  0.00 3.00  0.00 6.00  0.00 7.00  0.00 51.23 
4  2.00  0.00 3.00  0.00 7.00  0.00 8.00  0.00 53.51 
4  2.00  0.00 3.00  0.00 8.00  0.00 9.00  0.00 35.67 
4  2.00  0.00 3.00  0.00 9.00  0.00 10.00  0.00 71.95 
4  2.00  0.00 3.00  0.00 10.00  0.00 11.00  0.00 58.75 
4  2.00  0.00 3.00  0.00 11.00  0.00 12.00  0.00 67.07 
4  2.00  0.00 3.00  0.00 12.00  0.00 13.00  0.00 60.36 
4  3.00  0.00 4.00  0.00 5.00  0.00 6.00  0.00 122.68 
4  3.00  0.00 4.00  0.00 6.00  0.00 7.00  0.00 65.04 
4  3.00  0.00 4.00  0.00 7.00  0.00 8.00  0.00 57.36 
4  3.00  0.00 4.00  0.00 8.00  0.00 9.00  0.00 48.88 
4  3.00  0.00 4.00  0.00 9.00  0.00 10.00  0.00 53.84 
4  3.00  0.00 4.00  0.00 10.00  0.00 11.00  0.00 47.21 
4  3.00  0.00 4.00  0.00 11.00  0.00 12.00  0.00 30.71 
4  3.00  0.00 4.00  0.00 12.00  0.00 13.00  0.00 61.97 
4  3.00  0.00 4.00  0.00 13.00  0.00 14.00  0.00 65.66 
4  4.00  0.00 5.00  0.00 6.00  0.00 7.00  0.00 132.59 
4  4.00  0.00 5.00  0.00 7.00  0.00 8.00  0.00 86.40 
4  4.00  0.00 5.00  0.00 8.00  0.00 9.00  0.00 57.59 
4  4.00  0.00 5.00  0.00 9.00  0.00 10.00  0.00 55.27 
4  4.00  0.00 5.00  0.00 10.00  0.00 11.00  0.00 51.41 
4  4.00  0.00 5.00  0.00 11.00  0.00 12.00  0.00 57.27 
4  4.00  0.00 5.00  0.00 12.00  0.00 13.00  0.00 54.75 
4  4.00  0.00 5.00  0.00 13.00  0.00 14.00  0.00 59.92 
4  4.00  0.00 5.00  0.00 14.00  0.00 15.00  0.00 71.70 
4  5.00  0.00 6.00  0.00 7.00  0.00 8.00  0.00 173.23 
4  5.00  0.00 6.00  0.00 8.00  0.00 9.00  0.00 87.77 
4  5.00  0.00 6.00  0.00 9.00  0.00 10.00  0.00 65.13 
4  5.00  0.00 6.00  0.00 10.00  0.00 11.00  0.00 57.98 
4  5.00  0.00 6.00  0.00 11.00  0.00 12.00  0.00 55.12 
4  5.00  0.00 6.00  0.00 12.00  0.00 13.00  0.00 56.17 
4  5.00  0.00 6.00  0.00 13.00  0.00 14.00  0.00 59.58 
4  5.00  0.00 6.00  0.00 14.00  0.00 15.00  0.00 69.27 
4  5.00  0.00 6.00  0.00 15.00  0.00 16.00  0.00 63.26 
4  6.00  0.00 7.00  0.00 8.00  0.00 9.00  0.00 128.25 
4  6.00  0.00 7.00  0.00 9.00  0.00 10.00  0.00 81.92 
4  6.00  0.00 7.00  0.00 10.00  0.00 11.00  0.00 54.92 
4  6.00  0.00 7.00  0.00 11.00  0.00 12.00  0.00 45.12 
4  6.00  0.00 7.00  0.00 12.00  0.00 13.00  0.00 45.06 
4  6.00  0.00 7.00  0.00 13.00  0.00 14.00  0.00 51.14 
4  6.00  0.00 7.00  0.00 14.00  0.00 15.00  0.00 49.27 
4  6.00  0.00 7.00  0.00 15.00  0.00 16.00  0.00 46.49 
4  6.00  0.00 7.00  0.00 16.00  0.00 17.00  0.00 55.27 
4  7.00  0.00 8.00  0.00 9.00  0.00 10.00  0.00 142.05 
4  7.00  0.00 8.00  0.00 10.00  0.00 11.00  0.00 81.35 
4  7.00  0.00 8.00  0.00 11.00  0.00 12.00  0.00 53.98 
4  7.00  0.00 8.00  0.00 12.00  0.00 13.00  0.00 48.39 
4  7.00  0.00 8.00  0.00 13.00  0.00 14.00  0.00 51.16 
4  7.00  0.00 8.00  0.00 14.00  0.00 15.00  0.00 51.51 
4  7.00  0.00 8.00  0.00 15.00  0.00 16.00  0.00 52.94 
4  7.00  0.00 8.00  0.00 16.00  0.00 17.00  0.00 58.30 
4  7.00  0.00 8.00  0.00 17.00  0.00 18.00  0.00 63.93 
4  8.00  0.00 9.00  0.00 10.00  0.00 11.00  0.00 123.27 
4  8.00  0.00 9.00  0.00 11.00  0.00 12.00  0.00 67.28 
4  8.00  0.00 9.00  0.00 12.00  0.00 13.00  0.00 50.07 
4  8.00  0.00 9.00  0.00 13.00  0.00 14.00  0.00 48.58 
4  8.00  0.00 9.00  0.00 14.00  0.00 15.00  0.00 49.95 
4  8.00  0.00 9.00  0.00 15.00  0.00 16.00  0.00 51.70 
4  8.00  0.00 9.00  0.00 16.00  0.00 17.00  0.00 56.33 
4  8.00  0.00 9.00  0.00 17.00  0.00 18.00  0.00 60.53 
4  8.00  0.00 9.00  0.00 18.00  0.00 19.00  0.00 56.70 
4  9.00  0.00 10.00  0.00 11.00  0.00 12.00  0.00 112.35 
4  9.00  0.00 10.00  0.00 12.00  0.00 13.00  0.00 64.55 
4  9.00  0.00 10.00  0.00 13.00  0.00 14.00  0.00 55.36 
4  9.00  0.00 10.00  0.00 14.00  0.00 15.00  0.00 53.99 
4  9.00  0.00 10.00  0.00 15.00  0.00 16.00  0.00 55.44 
4  9.00  0.00 10.00  0.00 16.00  0.00 17.00  0.00 58.67 
4  9.00  0.00 10.00  0.00 17.00  0.00 18.00  0.00 58.66 
4  9.00  0.00 10.00  0.00 18.00  0.00 19.00  0.00 62.79 
4  9.00  0.00 10.00  0.00 19.00  0.00 20.00  0.00 59.89 
4  10.00  0.00 11.00  0.00 12.00  0.00 13.00  0.00 88.91 
4  10.00  0.00 11.00  0.00 13.00  0.00 14.00  0.00 60.79 
4  10.00  0.00 11.00  0.00 14.00  0.00 15.00  0.00 52.82 
4  10.00  0.00 11.00  0.00 15.00  0.00 16.00  0.00 53.60 
4  10.00  0.00 11.00  0.00 16.00  0.00 17.00  0.00 61.38 
4  10.00  0.00 11.00  0.00 17.00  0.00 18.00  0.00 57.03 
4  10.00  0.00 11.00  0.00 18.00  0.00 19.00  0.00 67.44 
4  10.00  0.00 11.00  0.00 19.00  0.00 20.00  0.00 61.88 
4  10.00  0.00 11.00  0.00 20.00  0.00 21.00  0.00 54.12 
4  11.00  0.00 12.00  0.00 13.00  0.00 14.00  0.00 81.95 
4  11.00  0.00 12.00  0.00 14.00  0.00 15.00  0.00 57.16 
4  11.00  0.00 12.00  0.00 15.00  0.00 16.00  0.00 52.19 
4  11.00  0.00 12.00  0.00 16.00  0.00 17.00  0.00 53.74 
4  11.00  0.00 12.00  0.00 17.00  0.00 18.00  0.00 56.68 
4  11.00  0.00 12.00  0.00 18.00  0.00 19.00  0.00 61.79 
4  11.00  0.00 12.00  0.00 19.00  0.00 20.00  0.00 59.14 
4  11.00  0.00 12.00  0.00 20.00  0.00 21.00  0.00 53.24 
4  11.00  0.00 12.00  0.00 21.00  0.00 22.00  0.00 50.01 
4  12.00  0.00 13.00  0.00 14.00  0.00 15.00  0.00 77.63 
4  12.00  0.00 13.00  0.00 15.00  0.00 16.00  0.00 56.37 
4  12.00  0.00 13.00  0.00 16.00  0.00 17.00  0.00 52.28 
4  12.00  0.00 13.00  0.00 17.00  0.00 18.00  0.00 54.12 
4  12.00  0.00 13.00  0.00 18.00  0.00 19.00  0.00 57.35 
4  12.00  0.00 13.00  0.00 19.00  0.00 20.00  0.00 59.04 
4  12.00  0.00 13.00  0.00 20.00  0.00 21.00  0.00 59.36 
4  12.00  0.00 13.00  0.00 21.00  0.00 22.00  0.00 59.85 
4  12.00  0.00 13.00  0.00 22.00  0.00 23.00  0.00 58.98 
4  13.00  0.00 14.00  0.00 15.00  0.00 16.00  0.00 82.43 
4  13.00  0.00 14.00  0.00 16.00  0.00 17.00  0.00 58.33 
4  13.00  0.00 14.00  0.00 17.00  0.00 18.00  0.00 52.60 
4  13.00  0.00 14.00  0.00 18.00  0.00 19.00  0.00 52.48 
4  13.00  0.00 14.00  0.00 19.00  0.00 20.00  0.00 54.58 
4  13.00  0.00 14.00  0.00 20.00  0.00 21.00  0.00 49.12 
4  13.00  0.00 14.00  0.00 21.00  0.00 22.00  0.00 53.04 
4  13.00  0.00 14.00  0.00 22.00  0.00 23.00  0.00 55.61 
4  14.00  0.00 15.00  0.00 16.00  0.00 17.00  0.00 87.41 
4  14.00  0.00 15.00  0.00 17.00  0.00 18.00  0.00 56.27 
4  14.00  0.00 15.00  0.00 18.00  0.00 19.00  0.00 53.49 
4  14.00  0.00 15.00  0.00 19.00  0.00 20.00  0.00 52.65 
4  14.00  0.00 15.00  0.00 20.00  0.00 21.00  0.00 47.42 
4  14.00  0.00 15.00  0.00 21.00  0.00 22.00  0.00 45.24 
4  14.00  0.00 15.00  0.00 22.00  0.00 23.00  0.00 53.07 
4  15.00  0.00 16.00  0.00 17.00  0.00 18.00  0.00 82.01 
4  15.00  0.00 16.00  0.00 18.00  0.00 19.00  0.00 58.41 
4  15.00  0.00 16.00  0.00 19.00  0.00 20.00  0.00 32.79 
4  15.00  0.00 16.00  0.00 20.00  0.00 21.00  0.00 94350.61 
4  15.00  0.00 16.00  0.00 21.00  0.00 22.00  0.00 1148.64 
4  15.00  0.00 16.00  0.00 22.00  0.00 23.00  0.00 3192.79 
4  16.00  0.00 17.00  0.00 18.00  0.00 19.00  0.00 367.24 
4  16.00  0.00 17.00  0.00 19.00  0.00 20.00  0.00 1130.97 
4  16.00  0.00 17.00  0.00 20.00  0.00 21.00  0.00 1969.67 
4  16.00  0.00 17.00  0.00 21.00  0.00 22.00  0.00 3711.01 
4  16.00  0.00 17.00  0.00 22.00  0.00 23.00  0.00 19792.04 
4  17.00  0.00 18.00  0.00 19.00  0.00 20.00  0.00 187.46 
4  17.00  0.00 18.00  0.00 20.00  0.00 21.00  0.00 1328.89 
4  17.00  0.00 18.00  0.00 21.00  0.00 22.00  0.00 872.66 
4  17.00  0.00 18.00  0.00 22.00  0.00 23.00  0.00 316.31 
4  18.00  0.00 19.00  0.00 20.00  0.00 21.00  0.00 198.97 
4  18.00  0.00 19.00  0.00 21.00  0.00 22.00  0.00 599.32 
4  18.00  0.00 19.00  0.00 22.00  0.00 23.00  0.00 98.74 
4  19.00  0.00 20.00  0.00 21.00  0.00 22.00  0.00 24.74 
4  19.00  0.00 20.00  0.00 22.00  0.00 23.00  0.00 948.76 
4  20.00  0.00 21.00  0.00 22.00  0.00 23.00  0.00 14.50 
4  13.00  0.00 14.00  0.00 23.00  0.00 24.00  0.00 2312964.75 
4  14.00  0.00 15.00  0.00 23.00  0.00 24.00  0.00 21942.24 
4  14.00  0.00 15.00  0.00 24.00  0.00 25.00  0.00 693.72 
4  15.00  0.00 16.00  0.00 23.00  0.00 24.00  0.00 420909.88 
4  15.00  0.00 16.00  0.00 24.00  0.00 25.00  0.00 3096.71 
4  15.00  0.00 16.00  0.00 25.00  0.00 26.00  0.00 12677.35 
4  16.00  0.00 17.00  0.00 23.00  0.00 24.00  0.00 3663.01 
4  16.00  0.00 17.00  0.00 24.00  0.00 25.00  0.00 3694.51 
4  16.00  0.00 17.00  0.00 25.00  0.00 26.00  0.00 40262.66 
4  16.00  0.00 17.00  0.00 26.00  0.00 27.00  0.00 9876.91 
4  17.00  0.00 18.00  0.00 23.00  0.00 24.00  0.00 8548.17 
4  17.00  0.00 18.00  0.00 24.00  0.00 25.00  0.00 4288.28 
4  17.00  0.00 18.00  0.00 25.00  0.00 26.00  0.00 7026.16 
4  17.00  0.00 18.00  0.00 26.00  0.00 27.00  0.00 1952.28 
4  17.00  0.00 18.00  0.00 27.00  0.00 28.00  0.00 42209.54 
4  18.00  0.00 19.00  0.00 23.00  0.00 24.00  0.00 6702.07 
4  18.00  0.00 19.00  0.00 24.00  0.00 25.00  0.00 26860.62 
4  18.00  0.00 19.00  0.00 25.00  0.00 26.00  0.00 58056.71 
4  18.00  0.00 19.00  0.00 26.00  0.00 27.00  0.00 9583.49 
4  18.00  0.00 19.00  0.00 27.00  0.00 28.00  0.00 16094.62 
4  18.00  0.00 19.00  0.00 28.00  0.00 29.00  0.00 2221.55 
4  19.00  0.00 20.00  0.00 23.00  0.00 24.00  0.00 2123.56 
4  19.00  0.00 20.00  0.00 24.00  0.00 25.00  0.00 9303.17 
4  19.00  0.00 20.00  0.00 25.00  0.00 26.00  0.00 628.32 
4  19.00  0.00 20.00  0.00 26.00  0.00 27.00  0.00 12774.88 
4  19.00  0.00 20.00  0.00 27.00  0.00 28.00  0.00 13071.92 
4  19.00  0.00 20.00  0.00 28.00  0.00 29.00  0.00 9596.14 
4  19.00  0.00 20.00  0.00 29.00  0.00 30.00  0.00 13892.12 
4  20.00  0.00 21.00  0.00 23.00  0.00 24.00  0.00 256.51 
4  20.00  0.00 21.00  0.00 24.00  0.00 25.00  0.00 1256.64 
4  20.00  0.00 21.00  0.00 25.00  0.00 26.00  0.00 3141.59 
4  20.00  0.00 21.00  0.00 26.00  0.00 27.00  0.00 7024.95 
4  20.00  0.00 21.00  0.00 27.00  0.00 28.00  0.00 17273.07 
4  20.00  0.00 21.00  0.00 28.00  0.00 29.00  0.00 9324.23 
4  20.00  0.00 21.00  0.00 29.00  0.00 30.00  0.00 88215.92 
4  20.00  0.00 21.00  0.00 30.00  0.00 31.00  0.00 3887.72 
4  21.00  0.00 22.00  0.00 23.00  0.00 24.00  0.00 137.75 
4  21.00  0.00 22.00  0.00 24.00  0.00 25.00  0.00 399.94 
4  21.00  0.00 22.00  0.00 25.00  0.00 26.00  0.00 3036.87 
4  21.00  0.00 22.00  0.00 26.00  0.00 27.00  0.00 1355.47 
4  21.00  0.00 22.00  0.00 27.00  0.00 28.00  0.00 3395.69 
4  21.00  0.00 22.00  0.00 28.00  0.00 29.00  0.00 1172.86 
4  21.00  0.00 22.00  0.00 29.00  0.00 30.00  0.00 134585.59 
4  21.00  0.00 22.00  0.00 30.00  0.00 31.00  0.00 4013.13 
4  21.00  0.00 22.00  0.00 31.00  0.00 32.00  0.00 56118.40 
4  22.00  0.00 23.00  0.00 24.00  0.00 25.00  0.00 584.34 
4  22.00  0.00 23.00  0.00 25.00  0.00 26.00  0.00 914.20 
4  22.00  0.00 23.00  0.00 26.00  0.00 27.00  0.00 311.56 
4  22.00  0.00 23.00  0.00 27.00  0.00 28.00  0.00 108070.80 
4  22.00  0.00 23.00  0.00 28.00  0.00 29.00  0.00 3298.67 
4  22.00  0.00 23.00  0.00 29.00  0.00 30.00  0.00 73890.36 
4  22.00  0.00 23.00  0.00 30.00  0.00 31.00  0.00 9925.54 
4  22.00  0.00 23.00  0.00 31.00  0.00 32.00  0.00 17592.92 
4  22.00  0.00 23.00  0.00 32.00  0.00 33.00  0.00 34275.41 
4  23.00  0.00 24.00  0.00 25.00  0.00 26.00  0.00 242.87 
4  23.00  0.00 24.00  0.00 26.00  0.00 27.00  0.00 1.66 
4  23.00  0.00 24.00  0.00 27.00  0.00 28.00  0.00 659.73 
4  23.00  0.00 24.00  0.00 28.00  0.00 29.00  0.00 5167.00 
4  23.00  0.00 24.00  0.00 29.00  0.00 30.00  0.00 1230.85 
4  23.00  0.00 24.00  0.00 30.00  0.00 31.00  0.00 23359.52 
4  23.00  0.00 24.00  0.00 31.00  0.00 32.00  0.00 29457.86 
4  23.00  0.00 24.00  0.00 32.00  0.00 33.00  0.00 36945.14 
4  23.00  0.00 24.00  0.00 33.00  0.00 34.00  0.00 25503.44 
4  24.00  0.00 25.00  0.00 26.00  0.00 27.00  0.00 268.61 
4  24.00  0.00 25.00  0.00 27.00  0.00 28.00  0.00 841.95 
4  24.00  0.00 25.00  0.00 28.00  0.00 29.00  0.00 523.60 
4  24.00  0.00 25.00  0.00 29.00  0.00 30.00  0.00 30159.29 
4  24.00  0.00 25.00  0.00 30.00  0.00 31.00  0.00 1413.72 
4  24.00  0.00 25.00  0.00 31.00  0.00 32.00  0.00 11728.63 
4  24.00  0.00 25.00  0.00 32.00  0.00 33.00  0.00 36379.58 
4  24.00  0.00 25.00  0.00 33.00  0.00 34.00  0.00 7764.89 
4  24.00  0.00 25.00  0.00 34.00  0.00 35.00  0.00 22840.36 
4  25.00  0.00 26.00  0.00 27.00  0.00 28.00  0.00 17.95 
4  25.00  0.00 26.00  0.00 28.00  0.00 29.00  0.00 161.16 
4  25.00  0.00 26.00  0.00 29.00  0.00 30.00  0.00 1178.10 
4  25.00  0.00 26.00  0.00 30.00  0.00 31.00  0.00 2369.66 
4  25.00  0.00 26.00  0.00 31.00  0.00 32.00  0.00 3240.80 
4  25.00  0.00 26.00  0.00 32.00  0.00 33.00  0.00 38163.15 
4  25.00  0.00 26.00  0.00 33.00  0.00 34.00  0.00 25967.10 
4  25.00  0.00 26.00  0.00 34.00  0.00 35.00  0.00 4241.15 
4  26.00  0.00 27.00  0.00 28.00  0.00 29.00  0.00 376.99 
4  26.00  0.00 27.00  0.00 29.00  0.00 30.00  0.00 715.32 
4  26.00  0.00 27.00  0.00 30.00  0.00 31.00  0.00 1071.00 
4  26.00  0.00 27.00  0.00 31.00  0.00 32.00  0.00 1225.22 
4  26.00  0.00 27.00  0.00 32.00  0.00 33.00  0.00 764.33 
4  26.00  0.00 27.00  0.00 33.00  0.00 34.00  0.00 5768.85 
4  26.00  0.00 27.00  0.00 34.00  0.00 35.00  0.00 17869.35 
4  27.00  0.00 28.00  0.00 29.00  0.00 30.00  0.00 518.36 
4  27.00  0.00 28.00  0.00 30.00  0.00 31.00  0.00 26.46 
4  27.00  0.00 28.00  0.00 31.00  0.00 32.00  0.00 5340.71 
4  27.00  0.00 28.00  0.00 32.00  0.00 33.00  0.00 147.84 
4  27.00  0.00 28.00  0.00 33.00  0.00 34.00  0.00 66444.70 
4  27.00  0.00 28.00  0.00 34.00  0.00 35.00  0.00 11435.41 
4  28.00  0.00 29.00  0.00 30.00  0.00 31.00  0.00 12.26 
4  28.00  0.00 29.00  0.00 31.00  0.00 32.00  0.00 249.92 
4  28.00  0.00 29.00  0.00 32.00  0.00 33.00  0.00 30536.27 
4  28.00  0.00 29.00  0.00 33.00  0.00 34.00  0.00 517.85 
4  28.00  0.00 29.00  0.00 34.00  0.00 35.00  0.00 698.54 
4  29.00  0.00 30.00  0.00 31.00  0.00 32.00  0.00 265.61 
4  29.00  0.00 30.00  0.00 32.00  0.00 33.00  0.00 95.61 
4  29.00  0.00 30.00  0.00 33.00  0.00 34.00  0.00 490.09 
4  29.00  0.00 30.00  0.00 34.00  0.00 35.00  0.00 678.58 
4  30.00  0.00 31.00  0.00 32.00  0.00 33.00  0.00 309.05 
4  30.00  0.00 31.00  0.00 33.00  0.00 34.00  0.00 10650.00 
4  30.00  0.00 31.00  0.00 34.00  0.00 35.00  0.00 2434.73 
4  31.00  0.00 32.00  0.00 33.00  0.00 34.00  0.00 2827.43 
4  31.00  0.00 32.00  0.00 34.00  0.00 35.00  0.00 653.45 
4  32.00  0.00 33.00  0.00 34.00  0.00 35.00  0.00 17.78 
4  25.00  0.00 26.00  0.00 35.00  0.00 36.00  0.00 117940.33 
4  26.00  0.00 27.00  0.00 35.00  0.00 36.00  0.00 4594.58 
4  26.00  0.00 27.00  0.00 36.00  0.00 37.00  0.00 8672.61 
4  27.00  0.00 28.00  0.00 35.00  0.00 36.00  0.00 18208.64 
4  27.00  0.00 28.00  0.00 36.00  0.00 37.00  0.00 16545.72 
4  27.00  0.00 28.00  0.00 37.00  0.00 38.00  0.00 3110.18 
4  28.00  0.00 29.00  0.00 35.00  0.00 36.00  0.00 60109.22 
4  28.00  0.00 29.00  0.00 36.00  0.00 37.00  0.00 27201.31 
4  28.00  0.00 29.00  0.00 37.00  0.00 38.00  0.00 18000.00 
4  28.00  0.00 29.00  0.00 38.00  0.00 39.00  0.00 15771.46 
4  29.00  0.00 30.00  0.00 35.00  0.00 36.00  0.00 3721.58 
4  29.00  0.00 30.00  0.00 36.00  0.00 37.00  0.00 10443.47 
4  29.00  0.00 30.00  0.00 37.00  0.00 38.00  0.00 1231.50 
4  29.00  0.00 30.00  0.00 38.00  0.00 39.00  0.00 27362.27 
4  29.00  0.00 30.00  0.00 39.00  0.00 40.00  0.00 41098.76 
4  30.00  0.00 31.00  0.00 35.00  0.00 36.00  0.00 3380.63 
4  30.00  0.00 31.00  0.00 36.00  0.00 37.00  0.00 4896.47 
4  30.00  0.00 31.00  0.00 37.00  0.00 38.00  0.00 14301.36 
4  30.00  0.00 31.00  0.00 38.00  0.00 39.00  0.00 1338.05 
4  30.00  0.00 31.00  0.00 39.00  0.00 40.00  0.00 22917.09 
4  30.00  0.00 31.00  0.00 40.00  0.00 41.00  0.00 33434.39 
4  31.00  0.00 32.00  0.00 35.00  0.00 36.00  0.00 1354.81 
4  31.00  0.00 32.00  0.00 36.00  0.00 37.00  0.00 58433.63 
4  31.00  0.00 32.00  0.00 37.00  0.00 38.00  0.00 27738.84 
4  31.00  0.00 32.00  0.00 38.00  0.00 39.00  0.00 58056.71 
4  31.00  0.00 32.00  0.00 39.00  0.00 40.00  0.00 324588.81 
4  31.00  0.00 32.00  0.00 40.00  0.00 41.00  0.00 24161.71 
4  31.00  0.00 32.00  0.00 41.00  0.00 42.00  0.00 99853.02 
4  32.00  0.00 33.00  0.00 35.00  0.00 36.00  0.00 2692.79 
4  32.00  0.00 33.00  0.00 36.00  0.00 37.00  0.00 3646.31 
4  32.00  0.00 33.00  0.00 37.00  0.00 38.00  0.00 25761.06 
4  32.00  0.00 33.00  0.00 38.00  0.00 39.00  0.00 10995.58 
4  32.00  0.00 33.00  0.00 39.00  0.00 40.00  0.00 26389.41 
4  32.00  0.00 33.00  0.00 40.00  0.00 41.00  0.00 34103.14 
4  32.00  0.00 33.00  0.00 41.00  0.00 42.00  0.00 5121.39 
4  32.00  0.00 33.00  0.00 42.00  0.00 43.00  0.00 16820.34 
4  33.00  0.00 34.00  0.00 35.00  0.00 36.00  0.00 98.05 
4  33.00  0.00 34.00  0.00 36.00  0.00 37.00  0.00 926.32 
4  33.00  0.00 34.00  0.00 37.00  0.00 38.00  0.00 2945.24 
4  33.00  0.00 34.00  0.00 38.00  0.00 39.00  0.00 1460.18 
4  33.00  0.00 34.00  0.00 39.00  0.00 40.00  0.00 2937.88 
4  33.00  0.00 34.00  0.00 40.00  0.00 41.00  0.00 796.66 
4  33.00  0.00 34.00  0.00 41.00  0.00 42.00  0.00 23275.39 
4  33.00  0.00 34.00  0.00 42.00  0.00 43.00  0.00 87964.61 
4  33.00  0.00 34.00  0.00 43.00  0.00 44.00  0.00 61231.59 
4  34.00  0.00 35.00  0.00 36.00  0.00 37.00  0.00 211.42 
4  34.00  0.00 35.00  0.00 37.00  0.00 38.00  0.00 2764.60 
4  34.00  0.00 35.00  0.00 38.00  0.00 39.00  0.00 19.63 
4  34.00  0.00 35.00  0.00 39.00  0.00 40.00  0.00 1201.66 
4  34.00  0.00 35.00  0.00 40.00  0.00 41.00  0.00 5969.03 
4  34.00  0.00 35.00  0.00 41.00  0.00 42.00  0.00 33508.42 
4  34.00  0.00 35.00  0.00 42.00  0.00 43.00  0.00 16177.81 
4  34.00  0.00 35.00  0.00 43.00  0.00 44.00  0.00 9990.27 
4  34.00  0.00 35.00  0.00 44.00  0.00 45.00  0.00 6842.39 
4  35.00  0.00 36.00  0.00 37.00  0.00 38.00  0.00 89.65 
4  35.00  0.00 36.00  0.00 38.00  0.00 39.00  0.00 149.60 
4  35.00  0.00 36.00  0.00 39.00  0.00 40.00  0.00 2877.04 
4  35.00  0.00 36.00  0.00 40.00  0.00 41.00  0.00 8600.11 
4  35.00  0.00 36.00  0.00 41.00  0.00 42.00  0.00 1221.73 
4  35.00  0.00 36.00  0.00 42.00  0.00 43.00  0.00 7430.03 
4  35.00  0.00 36.00  0.00 43.00  0.00 44.00  0.00 131.95 
4  35.00  0.00 36.00  0.00 44.00  0.00 45.00  0.00 29405.31 
4  35.00  0.00 36.00  0.00 45.00  0.00 46.00  0.00 54090.02 
4  36.00  0.00 37.00  0.00 38.00  0.00 39.00  0.00 34.07 
4  36.00  0.00 37.00  0.00 39.00  0.00 40.00  0.00 760.48 
4  36.00  0.00 37.00  0.00 40.00  0.00 41.00  0.00 2827.43 
4  36.00  0.00 37.00  0.00 41.00  0.00 42.00  0.00 1842.60 
4  36.00  0.00 37.00  0.00 42.00  0.00 43.00  0.00 3005.89 
4  36.00  0.00 37.00  0.00 43.00  0.00 44.00  0.00 2781.59 
4  36.00  0.00 37.00  0.00 44.00  0.00 45.00  0.00 8060.74 
4  36.00  0.00 37.00  0.00 45.00  0.00 46.00  0.00 3084.47 
4  36.00  0.00 37.00  0.00 46.00  0.00 47.00  0.00 27214.04 
4  37.00  0.00 38.00  0.00 39.00  0.00 40.00  0.00 44.79 
4  37.00  0.00 38.00  0.00 40.00  0.00 41.00  0.00 238.10 
4  37.00  0.00 38.00  0.00 41.00  0.00 42.00  0.00 480.48 
4  37.00  0.00 38.00  0.00 42.00  0.00 43.00  0.00 436.63 
4  37.00  0.00 38.00  0.00 43.00  0.00 44.00  0.00 6065.30 
4  37.00  0.00 38.00  0.00 44.00  0.00 45.00  0.00 24257.96 
4  37.00  0.00 38.00  0.00 45.00  0.00 46.00  0.00 3287.48 
4  37.00  0.00 38.00  0.00 46.00  0.00 47.00  0.00 81430.09 
4  38.00  0.00 39.00  0.00 40.00  0.00 41.00  0.00 507.27 
4  38.00  0.00 39.00  0.00 41.00  0.00 42.00  0.00 66.68 
4  38.00  0.00 39.00  0.00 42.00  0.00 43.00  0.00 1269.20 
4  38.00  0.00 39.00  0.00 43.00  0.00 44.00  0.00 1702.89 
4  38.00  0.00 39.00  0.00 44.00  0.00 45.00  0.00 3375.39 
4  38.00  0.00 39.00  0.00 45.00  0.00 46.00  0.00 952.95 
4  38.00  0.00 39.00  0.00 46.00  0.00 47.00  0.00 11783.14 
4  39.00  0.00 40.00  0.00 41.00  0.00 42.00  0.00 36.98 
4  39.00  0.00 40.00  0.00 42.00  0.00 43.00  0.00 121.80 
4  39.00  0.00 40.00  0.00 43.00  0.00 44.00  0.00 6785.84 
4  39.00  0.00 40.00  0.00 44.00  0.00 45.00  0.00 114.56 
4  39.00  0.00 40.00  0.00 45.00  0.00 46.00  0.00 5681.05 
4  39.00  0.00 40.00  0.00 46.00  0.00 47.00  0.00 33346.62 
4  40.00  0.00 41.00  0.00 42.00  0.00 43.00  0.00 19.97 
4  40.00  0.00 41.00  0.00 43.00  0.00 44.00  0.00 3078.76 
4  40.00  0.00 41.00  0.00 44.00  0.00 45.00  0.00 720.10 
4  40.00  0.00 41.00  0.00 45.00  0.00 46.00  0.00 3841.04 
4  40.00  0.00 41.00  0.00 46.00  0.00 47.00  0.00 6197.51 
4  41.00  0.00 42.00  0.00 43.00  0.00 44.00  0.00 673.20 
4  41.00  0.00 42.00  0.00 44.00  0.00 45.00  0.00 79.97 
4  41.00  0.00 42.00  0.00 45.00  0.00 46.00  0.00 1077.12 
4  41.00  0.00 42.00  0.00 46.00  0.00 47.00  0.00 997.00 
4  42.00  0.00 43.00  0.00 44.00  0.00 45.00  0.00 308.81 
4  42.00  0.00 43.00  0.00 45.00  0.00 46.00  0.00 392.54 
4  42.00  0.00 43.00  0.00 46.00  0.00 47.00  0.00 213.84 
4  43.00  0.00 44.00  0.00 45.00  0.00 46.00  0.00 115.19 
4  43.00  0.00 44.00  0.00 46.00  0.00 47.00  0.00 56.96 
4  44.00  0.00 45.00  0.00 46.00  0.00 47.00  0.00 105.67 
4  37.00  0.00 38.00  0.00 47.00  0.00 48.00  0.00 5310.06 
4  38.00  0.00 39.00  0.00 47.00  0.00 48.00  0.00 85693.00 
4  38.00  0.00 39.00  0.00 48.00  0.00 49.00  0.00 20335.77 
4  39.00  0.00 40.00  0.00 47.00  0.00 48.00  0.00 16935.94 
4  39.00  0.00 40.00  0.00 48.00  0.00 49.00  0.00 25229.41 
4  39.00  0.00 40.00  0.00 49.00  0.00 50.00  0.00 914.76 
4  40.00  0.00 41.00  0.00 47.00  0.00 48.00  0.00 15129.93 
4  40.00  0.00 41.00  0.00 48.00  0.00 49.00  0.00 20000.34 
4  40.00  0.00 41.00  0.00 49.00  0.00 50.00  0.00 2513.27 
4  40.00  0.00 41.00  0.00 50.00  0.00 51.00  0.00 31309.11 
4  41.00  0.00 42.00  0.00 47.00  0.00 48.00  0.00 6136.24 
4  41.00  0.00 42.00  0.00 48.00  0.00 49.00  0.00 39877.34 
4  41.00  0.00 42.00  0.00 49.00  0.00 50.00  0.00 2902.83 
4  41.00  0.00 42.00  0.00 50.00  0.00 51.00  0.00 7923.59 
4  41.00  0.00 42.00  0.00 51.00  0.00 52.00  0.00 29666.30 
4  42.00  0.00 43.00  0.00 47.00  0.00 48.00  0.00 2434.73 
4  42.00  0.00 43.00  0.00 48.00  0.00 49.00  0.00 840.03 
4  42.00  0.00 43.00  0.00 49.00  0.00 50.00  0.00 1290.15 
4  42.00  0.00 43.00  0.00 50.00  0.00 51.00  0.00 329866.66 
4  42.00  0.00 43.00  0.00 51.00  0.00 52.00  0.00 7791.15 
4  42.00  0.00 43.00  0.00 52.00  0.00 53.00  0.00 52077.37 
4  43.00  0.00 44.00  0.00 47.00  0.00 48.00  0.00 10649.99 
4  43.00  0.00 44.00  0.00 48.00  0.00 49.00  0.00 35.79 
4  43.00  0.00 44.00  0.00 49.00  0.00 50.00  0.00 2517.41 
4  43.00  0.00 44.00  0.00 50.00  0.00 51.00  0.00 527.79 
4  43.00  0.00 44.00  0.00 51.00  0.00 52.00  0.00 12059.31 
4  43.00  0.00 44.00  0.00 52.00  0.00 53.00  0.00 13293.90 
4  43.00  0.00 44.00  0.00 53.00  0.00 54.00  0.00 57913.62 
4  44.00  0.00 45.00  0.00 47.00  0.00 48.00  0.00 1942.08 
4  44.00  0.00 45.00  0.00 48.00  0.00 49.00  0.00 5340.71 
4  44.00  0.00 45.00  0.00 49.00  0.00 50.00  0.00 733.55 
4  44.00  0.00 45.00  0.00 50.00  0.00 51.00  0.00 16343.42 
4  44.00  0.00 45.00  0.00 51.00  0.00 52.00  0.00 6031.87 
4  44.00  0.00 45.00  0.00 52.00  0.00 53.00  0.00 3423.48 
4  44.00  0.00 45.00  0.00 53.00  0.00 54.00  0.00 3063.05 
4  44.00  0.00 45.00  0.00 54.00  0.00 55.00  0.00 1413.72 
4  45.00  0.00 46.00  0.00 47.00  0.00 48.00  0.00 177.88 
4  45.00  0.00 46.00  0.00 48.00  0.00 49.00  0.00 217.18 
4  45.00  0.00 46.00  0.00 49.00  0.00 50.00  0.00 5105.09 
4  45.00  0.00 46.00  0.00 50.00  0.00 51.00  0.00 2124.86 
4  45.00  0.00 46.00  0.00 51.00  0.00 52.00  0.00 3647.94 
4  45.00  0.00 46.00  0.00 52.00  0.00 53.00  0.00 8293.82 
4  45.00  0.00 46.00  0.00 53.00  0.00 54.00  0.00 15381.21 
4  45.00  0.00 46.00  0.00 54.00  0.00 55.00  0.00 10714.49 
4  45.00  0.00 46.00  0.00 55.00  0.00 56.00  0.00 18824.75 
4  46.00  0.00 47.00  0.00 48.00  0.00 49.00  0.00 94.25 
4  46.00  0.00 47.00  0.00 49.00  0.00 50.00  0.00 639.74 
4  46.00  0.00 47.00  0.00 50.00  0.00 51.00  0.00 1884.96 
4  46.00  0.00 47.00  0.00 51.00  0.00 52.00  0.00 2460.36 
4  46.00  0.00 47.00  0.00 52.00  0.00 53.00  0.00 42882.75 
4  46.00  0.00 47.00  0.00 53.00  0.00 54.00  0.00 7389.04 
4  46.00  0.00 47.00  0.00 54.00  0.00 55.00  0.00 16204.70 
4  46.00  0.00 47.00  0.00 55.00  0.00 56.00  0.00 91073.13 
4  46.00  0.00 47.00  0.00 56.00  0.00 57.00  0.00 169.03 
4  47.00  0.00 48.00  0.00 49.00  0.00 50.00  0.00 4241.15 
4  47.00  0.00 48.00  0.00 50.00  0.00 51.00  0.00 380.84 
4  47.00  0.00 48.00  0.00 51.00  0.00 52.00  0.00 597.78 
4  47.00  0.00 48.00  0.00 52.00  0.00 53.00  0.00 3639.91 
4  47.00  0.00 48.00  0.00 53.00  0.00 54.00  0.00 1162.99 
4  47.00  0.00 48.00  0.00 54.00  0.00 55.00  0.00 11700.37 
4  47.00  0.00 48.00  0.00 55.00  0.00 56.00  0.00 3901.03 
4  47.00  0.00 48.00  0.00 56.00  0.00 57.00  0.00 16679.00 
4  47.00  0.00 48.00  0.00 57.00  0.00 58.00  0.00 3285.40 
4  48.00  0.00 49.00  0.00 50.00  0.00 51.00  0.00 143.66 
4  48.00  0.00 49.00  0.00 51.00  0.00 52.00  0.00 548.35 
4  48.00  0.00 49.00  0.00 52.00  0.00 53.00  0.00 856.80 
4  48.00  0.00 49.00  0.00 53.00  0.00 54.00  0.00 621.41 
4  48.00  0.00 49.00  0.00 54.00  0.00 55.00  0.00 207816.38 
4  48.00  0.00 49.00  0.00 55.00  0.00 56.00  0.00 10342.52 
4  48.00  0.00 49.00  0.00 56.00  0.00 57.00  0.00 2456.94 
4  48.00  0.00 49.00  0.00 57.00  0.00 58.00  0.00 4656.95 
4  48.00  0.00 49.00  0.00 58.00  0.00 59.00  0.00 44924.77 
4  49.00  0.00 50.00  0.00 51.00  0.00 52.00  0.00 24.11 
4  49.00  0.00 50.00  0.00 52.00  0.00 53.00  0.00 571.57 
4  49.00  0.00 50.00  0.00 53.00  0.00 54.00  0.00 1496.88 
4  49.00  0.00 50.00  0.00 54.00  0.00 55.00  0.00 4248.18 
4  49.00  0.00 50.00  0.00 55.00  0.00 56.00  0.00 2957.43 
4  49.00  0.00 50.00  0.00 56.00  0.00 57.00  0.00 179.93 
4  49.00  0.00 50.00  0.00 57.00  0.00 58.00  0.00 4105.01 
4  49.00  0.00 50.00  0.00 58.00  0.00 59.00  0.00 10944.91 
4  50.00  0.00 51.00  0.00 52.00  0.00 53.00  0.00 37.70 
4  50.00  0.00 51.00  0.00 53.00  0.00 54.00  0.00 300.57 
4  50.00  0.00 51.00  0.00 54.00  0.00 55.00  0.00 526.43 
4  50.00  0.00 51.00  0.00 55.00  0.00 56.00  0.00 6003.93 
4  50.00  0.00 51.00  0.00 56.00  0.00 57.00  0.00 7696.90 
4  50.00  0.00 51.00  0.00 57.00  0.00 58.00  0.00 7839.21 
4  50.00  0.00 51.00  0.00 58.00  0.00 59.00  0.00 35625.60 
4  51.00  0.00 52.00  0.00 53.00  0.00 54.00  0.00 385.56 
4  51.00  0.00 52.00  0.00 54.00  0.00 55.00  0.00 1808.16 
4  51.00  0.00 52.00  0.00 55.00  0.00 56.00  0.00 1225.22 
4  51.00  0.00 52.00  0.00 56.00  0.00 57.00  0.00 2689.77 
4  51.00  0.00 52.00  0.00 57.00  0.00 58.00  0.00 3598.55 
4  51.00  0.00 52.00  0.00 58.00  0.00 59.00  0.00 263.89 
4  52.00  0.00 53.00  0.00 54.00  0.00 55.00  0.00 131.13 
4  52.00  0.00 53.00  0.00 55.00  0.00 56.00  0.00 1057.67 
4  52.00  0.00 53.00  0.00 56.00  0.00 57.00  0.00 1805.68 
4  52.00  0.00 53.00  0.00 57.00  0.00 58.00  0.00 3212.99 
4  52.00  0.00 53.00  0.00 58.00  0.00 59.00  0.00 3507.45 
4  53.00  0.00 54.00  0.00 55.00  0.00 56.00  0.00 59.24 
4  53.00  0.00 54.00  0.00 56.00  0.00 57.00  0.00 1123.28 
4  53.00  0.00 54.00  0.00 57.00  0.00 58.00  0.00 15707.96 
4  53.00  0.00 54.00  0.00 58.00  0.00 59.00  0.00 1534.27 
4  54.00  0.00 55.00  0.00 56.00  0.00 57.00  0.00 2.44 
4  54.00  0.00 55.00  0.00 57.00  0.00 58.00  0.00 653.45 
4  54.00  0.00 55.00  0.00 58.00  0.00 59.00  0.00 756.46 
4  55.00  0.00 56.00  0.00 57.00  0.00 58.00  0.00 72.39 
4  55.00  0.00 56.00  0.00 58.00  0.00 59.00  0.00 6408.85 
4  56.00  0.00 57.00  0.00 58.00  0.00 59.00  0.00 98.41 
4  49.00  0.00 50.00  0.00 59.00  0.00 60.00  0.00 21934.93 
4  50.00  0.00 51.00  0.00 59.00  0.00 60.00  0.00 22619.47 
4  50.00  0.00 51.00  0.00 60.00  0.00 61.00  0.00 14087.27 
4  51.00  0.00 52.00  0.00 59.00  0.00 60.00  0.00 490841.56 
4  51.00  0.00 52.00  0.00 60.00  0.00 61.00  0.00 20357.52 
4  51.00  0.00 52.00  0.00 61.00  0.00 62.00  0.00 4820.77 
4  52.00  0.00 53.00  0.00 59.00  0.00 60.00  0.00 963.12 
4  52.00  0.00 53.00  0.00 60.00  0.00 61.00  0.00 29405.26 
4  52.00  0.00 53.00  0.00 61.00  0.00 62.00  0.00 62831.86 
4  52.00  0.00 53.00  0.00 62.00  0.00 63.00  0.00 53132.18 
4  53.00  0.00 54.00  0.00 59.00  0.00 60.00  0.00 6367.21 
4  53.00  0.00 54.00  0.00 60.00  0.00 61.00  0.00 275.71 
4  53.00  0.00 54.00  0.00 61.00  0.00 62.00  0.00 1259.49 
4  53.00  0.00 54.00  0.00 62.00  0.00 63.00  0.00 15079.65 
4  53.00  0.00 54.00  0.00 63.00  0.00 64.00  0.00 12218.55 
4  54.00  0.00 55.00  0.00 59.00  0.00 60.00  0.00 899.64 
4  54.00  0.00 55.00  0.00 60.00  0.00 61.00  0.00 17318.03 
4  54.00  0.00 55.00  0.00 61.00  0.00 62.00  0.00 521.27 
4  54.00  0.00 55.00  0.00 62.00  0.00 63.00  0.00 319310.94 
4  54.00  0.00 55.00  0.00 63.00  0.00 64.00  0.00 13095.48 
4  54.00  0.00 55.00  0.00 64.00  0.00 65.00  0.00 10219.15 
4  55.00  0.00 56.00  0.00 59.00  0.00 60.00  0.00 191.33 
4  55.00  0.00 56.00  0.00 60.00  0.00 61.00  0.00 3612.83 
4  55.00  0.00 56.00  0.00 61.00  0.00 62.00  0.00 2057.59 
4  55.00  0.00 56.00  0.00 62.00  0.00 63.00  0.00 9696.58 
4  55.00  0.00 56.00  0.00 63.00  0.00 64.00  0.00 112814.40 
4  55.00  0.00 56.00  0.00 64.00  0.00 65.00  0.00 42154.47 
4  55.00  0.00 56.00  0.00 65.00  0.00 66.00  0.00 15106.57 
4  56.00  0.00 57.00  0.00 59.00  0.00 60.00  0.00 597.99 
4  56.00  0.00 57.00  0.00 60.00  0.00 61.00  0.00 1685.04 
4  56.00  0.00 57.00  0.00 61.00  0.00 62.00  0.00 2993.75 
4  56.00  0.00 57.00  0.00 62.00  0.00 63.00  0.00 1675.52 
4  56.00  0.00 57.00  0.00 63.00  0.00 64.00  0.00 3918.43 
4  56.00  0.00 57.00  0.00 64.00  0.00 65.00  0.00 7397.67 
4  56.00  0.00 57.00  0.00 65.00  0.00 66.00  0.00 108250.34 
4  56.00  0.00 57.00  0.00 66.00  0.00 67.00  0.00 71922.82 
4  57.00  0.00 58.00  0.00 59.00  0.00 60.00  0.00 144.51 
4  57.00  0.00 58.00  0.00 60.00  0.00 61.00  0.00 721.48 
4  57.00  0.00 58.00  0.00 61.00  0.00 62.00  0.00 1602.21 
4  57.00  0.00 58.00  0.00 62.00  0.00 63.00  0.00 2843.97 
4  57.00  0.00 58.00  0.00 63.00  0.00 64.00  0.00 23090.71 
4  57.00  0.00 58.00  0.00 64.00  0.00 65.00  0.00 2322.27 
4  57.00  0.00 58.00  0.00 65.00  0.00 66.00  0.00 37604.80 
4  57.00  0.00 58.00  0.00 66.00  0.00 67.00  0.00 103403.30 
4  57.00  0.00 58.00  0.00 67.00  0.00 68.00  0.00 2205.80 
4  58.00  0.00 59.00  0.00 60.00  0.00 61.00  0.00 574.05 
4  58.00  0.00 59.00  0.00 61.00  0.00 62.00  0.00 1633.63 
4  58.00  0.00 59.00  0.00 62.00  0.00 63.00  0.00 3220.13 
4  58.00  0.00 59.00  0.00 63.00  0.00 64.00  0.00 451.87 
4  58.00  0.00 59.00  0.00 64.00  0.00 65.00  0.00 1242.36 
4  58.00  0.00 59.00  0.00 65.00  0.00 66.00  0.00 18656.70 
4  58.00  0.00 59.00  0.00 66.00  0.00 67.00  0.00 71251.20 
4  58.00  0.00 59.00  0.00 67.00  0.00 68.00  0.00 1019.73 
4  58.00  0.00 59.00  0.00 68.00  0.00 69.00  0.00 6361.72 
4  59.00  0.00 60.00  0.00 61.00  0.00 62.00  0.00 53.18 
4  59.00  0.00 60.00  0.00 62.00  0.00 63.00  0.00 499.26 
4  59.00  0.00 60.00  0.00 63.00  0.00 64.00  0.00 604.15 
4  59.00  0.00 60.00  0.00 64.00  0.00 65.00  0.00 329.87 
4  59.00  0.00 60.00  0.00 65.00  0.00 66.00  0.00 143.42 
4  59.00  0.00 60.00  0.00 66.00  0.00 67.00  0.00 11275.48 
4  59.00  0.00 60.00  0.00 67.00  0.00 68.00  0.00 4726.45 
4  59.00  0.00 60.00  0.00 68.00  0.00 69.00  0.00 24975.67 
4  59.00  0.00 60.00  0.00 69.00  0.00 70.00  0.00 298058.53 
4  60.00  0.00 61.00  0.00 62.00  0.00 63.00  0.00 833.73 
4  60.00  0.00 61.00  0.00 63.00  0.00 64.00  0.00 1507.96 
4  60.00  0.00 61.00  0.00 64.00  0.00 65.00  0.00 614.66 
4  60.00  0.00 61.00  0.00 65.00  0.00 66.00  0.00 84194.70 
4  60.00  0.00 61.00  0.00 66.00  0.00 67.00  0.00 8109.24 
4  60.00  0.00 61.00  0.00 67.00  0.00 68.00  0.00 1759.29 
4  60.00  0.00 61.00  0.00 68.00  0.00 69.00  0.00 9743.75 
4  60.00  0.00 61.00  0.00 69.00  0.00 70.00  0.00 24326.60 
4  60.00  0.00 61.00  0.00 70.00  0.00 71.00  0.00 4376.60 
4  61.00  0.00 62.00  0.00 63.00  0.00 64.00  0.00 111.53 
4  61.00  0.00 62.00  0.00 64.00  0.00 65.00  0.00 146.18 
4  61.00  0.00 62.00  0.00 65.00  0.00 66.00  0.00 1196.01 
4  61.00  0.00 62.00  0.00 66.00  0.00 67.00  0.00 4202.52 
4  61.00  0.00 62.00  0.00 67.00  0.00 68.00  0.00 3478.19 
4  61.00  0.00 62.00  0.00 68.00  0.00 69.00  0.00 2232.95 
4  61.00  0.00 62.00  0.00 69.00  0.00 70.00  0.00 9190.77 
4  61.00  0.00 62.00  0.00 70.00  0.00 71.00  0.00 3207.24 
4  62.00  0.00 63.00  0.00 64.00  0.00 65.00  0.00 342.37 
4  62.00  0.00 63.00  0.00 65.00  0.00 66.00  0.00 1382.30 
4  62.00  0.00 63.00  0.00 66.00  0.00 67.00  0.00 774.02 
4  62.00  0.00 63.00  0.00 67.00  0.00 68.00  0.00 706.86 
4  62.00  0.00 63.00  0.00 68.00  0.00 69.00  0.00 12179.71 
4  62.00  0.00 63.00  0.00 69.00  0.00 70.00  0.00 2608.61 
4  62.00  0.00 63.00  0.00 70.00  0.00 71.00  0.00 21650.03 
4  63.00  0.00 64.00  0.00 65.00  0.00 66.00  0.00 2.55 
4  63.00  0.00 64.00  0.00 66.00  0.00 67.00  0.00 4.90 
4  63.00  0.00 64.00  0.00 67.00  0.00 68.00  0.00 140.37 
4  63.00  0.00 64.00  0.00 68.00  0.00 69.00  0.00 3550.73 
4  63.00  0.00 64.00  0.00 69.00  0.00 70.00  0.00 8696.50 
4  63.00  0.00 64.00  0.00 70.00  0.00 71.00  0.00 2144.14 
4  64.00  0.00 65.00  0.00 66.00  0.00 67.00  0.00 504.12 
4  64.00  0.00 65.00  0.00 67.00  0.00 68.00  0.00 343.92 
4  64.00  0.00 65.00  0.00 68.00  0.00 69.00  0.00 6351.48 
4  64.00  0.00 65.00  0.00 69.00  0.00 70.00  0.00 5826.23 
4  64.00  0.00 65.00  0.00 70.00  0.00 71.00  0.00 89064.16 
4  65.00  0.00 66.00  0.00 67.00  0.00 68.00  0.00 561.39 
4  65.00  0.00 66.00  0.00 68.00  0.00 69.00  0.00 2501.85 
4  65.00  0.00 66.00  0.00 69.00  0.00 70.00  0.00 900.59 
4  65.00  0.00 66.00  0.00 70.00  0.00 71.00  0.00 1473.88 
4  66.00  0.00 67.00  0.00 68.00  0.00 69.00  0.00 30.59 
4  66.00  0.00 67.00  0.00 69.00  0.00 70.00  0.00 866.42 
4  66.00  0.00 67.00  0.00 70.00  0.00 71.00  0.00 392.70 
4  67.00  0.00 68.00  0.00 69.00  0.00 70.00  0.00 1086.62 
4  67.00  0.00 68.00  0.00 70.00  0.00 71.00  0.00 883.57 
4  68.00  0.00 69.00  0.00 70.00  0.00 71.00  0.00 159.90 
4  61.00  0.00 62.00  0.00 71.00  0.00 72.00  0.00 5661012.00 
4  62.00  0.00 63.00  0.00 71.00  0.00 72.00  0.00 2458.64 
4  62.00  0.00 63.00  0.00 72.00  0.00 73.00  0.00 73513.26 
4  63.00  0.00 64.00  0.00 71.00  0.00 72.00  0.00 7001.25 
4  63.00  0.00 64.00  0.00 72.00  0.00 73.00  0.00 2553.81 
4  63.00  0.00 64.00  0.00 73.00  0.00 74.00  0.00 14995.49 
4  64.00  0.00 65.00  0.00 71.00  0.00 72.00  0.00 6766.52 
4  64.00  0.00 65.00  0.00 72.00  0.00 73.00  0.00 539.78 
4  64.00  0.00 65.00  0.00 73.00  0.00 74.00  0.00 2603.68 
4  64.00  0.00 65.00  0.00 74.00  0.00 75.00  0.00 64088.48 
4  65.00  0.00 66.00  0.00 71.00  0.00 72.00  0.00 5704.47 
4  65.00  0.00 66.00  0.00 72.00  0.00 73.00  0.00 9990.28 
4  65.00  0.00 66.00  0.00 73.00  0.00 74.00  0.00 1072.07 
4  65.00  0.00 66.00  0.00 74.00  0.00 75.00  0.00 142785.42 
4  65.00  0.00 66.00  0.00 75.00  0.00 76.00  0.00 46341.62 
4  66.00  0.00 67.00  0.00 71.00  0.00 72.00  0.00 1322.90 
4  66.00  0.00 67.00  0.00 72.00  0.00 73.00  0.00 2801.61 
4  66.00  0.00 67.00  0.00 73.00  0.00 74.00  0.00 7995.21 
4  66.00  0.00 67.00  0.00 74.00  0.00 75.00  0.00 15305.81 
4  66.00  0.00 67.00  0.00 75.00  0.00 76.00  0.00 1927.80 
4  66.00  0.00 67.00  0.00 76.00  0.00 77.00  0.00 2356.19 
4  67.00  0.00 68.00  0.00 71.00  0.00 72.00  0.00 5163.14 
4  67.00  0.00 68.00  0.00 72.00  0.00 73.00  0.00 2316.93 
4  67.00  0.00 68.00  0.00 73.00  0.00 74.00  0.00 4398.23 
4  67.00  0.00 68.00  0.00 74.00  0.00 75.00  0.00 1130.97 
4  67.00  0.00 68.00  0.00 75.00  0.00 76.00  0.00 4008.51 
4  67.00  0.00 68.00  0.00 76.00  0.00 77.00  0.00 32672.57 
4  67.00  0.00 68.00  0.00 77.00  0.00 78.00  0.00 235484.77 
4  68.00  0.00 69.00  0.00 71.00  0.00 72.00  0.00 310.18 
4  68.00  0.00 69.00  0.00 72.00  0.00 73.00  0.00 4289.90 
4  68.00  0.00 69.00  0.00 73.00  0.00 74.00  0.00 5089.38 
4  68.00  0.00 69.00  0.00 74.00  0.00 75.00  0.00 1307.02 
4  68.00  0.00 69.00  0.00 75.00  0.00 76.00  0.00 959.62 
4  68.00  0.00 69.00  0.00 76.00  0.00 77.00  0.00 15833.60 
4  68.00  0.00 69.00  0.00 77.00  0.00 78.00  0.00 9096.96 
4  68.00  0.00 69.00  0.00 78.00  0.00 79.00  0.00 34760.79 
4  69.00  0.00 70.00  0.00 71.00  0.00 72.00  0.00 240.49 
4  69.00  0.00 70.00  0.00 72.00  0.00 73.00  0.00 244.19 
4  69.00  0.00 70.00  0.00 73.00  0.00 74.00  0.00 213.39 
4  69.00  0.00 70.00  0.00 74.00  0.00 75.00  0.00 14451.33 
4  69.00  0.00 70.00  0.00 75.00  0.00 76.00  0.00 1136.83 
4  69.00  0.00 70.00  0.00 76.00  0.00 77.00  0.00 3138.20 
4  69.00  0.00 70.00  0.00 77.00  0.00 78.00  0.00 4078.35 
4  69.00  0.00 70.00  0.00 78.00  0.00 79.00  0.00 16728.98 
4  69.00  0.00 70.00  0.00 79.00  0.00 80.00  0.00 93305.28 
4  70.00  0.00 71.00  0.00 72.00  0.00 73.00  0.00 123.87 
4  70.00  0.00 71.00  0.00 73.00  0.00 74.00  0.00 867.08 
4  70.00  0.00 71.00  0.00 74.00  0.00 75.00  0.00 1957.45 
4  70.00  0.00 71.00  0.00 75.00  0.00 76.00  0.00 2010.62 
4  70.00  0.00 71.00  0.00 76.00  0.00 77.00  0.00 434.99 
4  70.00  0.00 71.00  0.00 77.00  0.00 78.00  0.00 3439.14 
4  70.00  0.00 71.00  0.00 78.00  0.00 79.00  0.00 393860.78 
4  70.00  0.00 71.00  0.00 79.00  0.00 80.00  0.00 5709.77 
4  70.00  0.00 71.00  0.00 80.00  0.00 81.00  0.00 31647.41 
4  71.00  0.00 72.00  0.00 73.00  0.00 74.00  0.00 245.04 
4  71.00  0.00 72.00  0.00 74.00  0.00 75.00  0.00 121.33 
4  71.00  0.00 72.00  0.00 75.00  0.00 76.00  0.00 112.53 
4  71.00  0.00 72.00  0.00 76.00  0.00 77.00  0.00 1701.70 
4  71.00  0.00 72.00  0.00 77.00  0.00 78.00  0.00 1668.74 
4  71.00  0.00 72.00  0.00 78.00  0.00 79.00  0.00 6851.99 
4  71.00  0.00 72.00  0.00 79.00  0.00 80.00  0.00 585843.19 
4  71.00  0.00 72.00  0.00 80.00  0.00 81.00  0.00 1215.10 
4  71.00  0.00 72.00  0.00 81.00  0.00 82.00  0.00 36473.88 
4  72.00  0.00 73.00  0.00 74.00  0.00 75.00  0.00 293.62 
4  72.00  0.00 73.00  0.00 75.00  0.00 76.00  0.00 583.73 
4  72.00  0.00 73.00  0.00 76.00  0.00 77.00  0.00 386.66 
4  72.00  0.00 73.00  0.00 77.00  0.00 78.00  0.00 6238.31 
4  72.00  0.00 73.00  0.00 78.00  0.00 79.00  0.00 1178.10 
4  72.00  0.00 73.00  0.00 79.00  0.00 80.00  0.00 2785.55 
4  72.00  0.00 73.00  0.00 80.00  0.00 81.00  0.00 190003.20 
4  72.00  0.00 73.00  0.00 81.00  0.00 82.00  0.00 5170.17 
4  72.00  0.00 73.00  0.00 82.00  0.00 83.00  0.00 8271.75 
4  73.00  0.00 74.00  0.00 75.00  0.00 76.00  0.00 341.65 
4  73.00  0.00 74.00  0.00 76.00  0.00 77.00  0.00 215.42 
4  73.00  0.00 74.00  0.00 77.00  0.00 78.00  0.00 1024.43 
4  73.00  0.00 74.00  0.00 78.00  0.00 79.00  0.00 17435.84 
4  73.00  0.00 74.00  0.00 79.00  0.00 80.00  0.00 3672.11 
4  73.00  0.00 74.00  0.00 80.00  0.00 81.00  0.00 5054.87 
4  73.00  0.00 74.00  0.00 81.00  0.00 82.00  0.00 15833.60 
4  73.00  0.00 74.00  0.00 82.00  0.00 83.00  0.00 6529.33 
4  74.00  0.00 75.00  0.00 76.00  0.00 77.00  0.00 560.53 
4  74.00  0.00 75.00  0.00 77.00  0.00 78.00  0.00 5.16 
4  74.00  0.00 75.00  0.00 78.00  0.00 79.00  0.00 3869.12 
4  74.00  0.00 75.00  0.00 79.00  0.00 80.00  0.00 856.80 
4  74.00  0.00 75.00  0.00 80.00  0.00 81.00  0.00 1725.46 
4  74.00  0.00 75.00  0.00 81.00  0.00 82.00  0.00 25399.81 
4  74.00  0.00 75.00  0.00 82.00  0.00 83.00  0.00 1164.24 
4  75.00  0.00 76.00  0.00 77.00  0.00 78.00  0.00 49.60 
4  75.00  0.00 76.00  0.00 78.00  0.00 79.00  0.00 4056.43 
4  75.00  0.00 76.00  0.00 79.00  0.00 80.00  0.00 297.62 
4  75.00  0.00 76.00  0.00 80.00  0.00 81.00  0.00 12042.77 
4  75.00  0.00 76.00  0.00 81.00  0.00 82.00  0.00 47196.39 
4  75.00  0.00 76.00  0.00 82.00  0.00 83.00  0.00 49385.90 
4  76.00  0.00 77.00  0.00 78.00  0.00 79.00  0.00 172.25 
4  76.00  0.00 77.00  0.00 79.00  0.00 80.00  0.00 687.45 
4  76.00  0.00 77.00  0.00 80.00  0.00 81.00  0.00 15865.04 
4  76.00  0.00 77.00  0.00 81.00  0.00 82.00  0.00 2092.09 
4  76.00  0.00 77.00  0.00 82.00  0.00 83.00  0.00 824.67 
4  77.00  0.00 78.00  0.00 79.00  0.00 80.00  0.00 60.26 
4  77.00  0.00 78.00  0.00 80.00  0.00 81.00  0.00 254.96 
4  77.00  0.00 78.00  0.00 81.00  0.00 82.00  0.00 8089.60 
4  77.00  0.00 78.00  0.00 82.00  0.00 83.00  0.00 1812.46 
4  78.00  0.00 79.00  0.00 80.00  0.00 81.00  0.00 384.24 
4  78.00  0.00 79.00  0.00 81.00  0.00 82.00  0.00 94.25 
4  78.00  0.00 79.00  0.00 82.00  0.00 83.00  0.00 1389.55 
4  79.00  0.00 80.00  0.00 81.00  0.00 82.00  0.00 62.83 
4  79.00  0.00 80.00  0.00 82.00  0.00 83.00  0.00 200.13 
4  80.00  0.00 81.00  0.00 82.00  0.00 83.00  0.00 10.58 
4  73.00  0.00 74.00  0.00 83.00  0.00 84.00  0.00 65259.77 
4  74.00  0.00 75.00  0.00 83.00  0.00 84.00  0.00 45238.94 
4  74.00  0.00 75.00  0.00 84.00  0.00 85.00  0.00 28324.82 
4  75.00  0.00 76.00  0.00 83.00  0.00 84.00  0.00 70014.20 
4  75.00  0.00 76.00  0.00 84.00  0.00 85.00  0.00 60540.35 
4  75.00  0.00 76.00  0.00 85.00  0.00 86.00  0.00 219933.89 
4  76.00  0.00 77.00  0.00 83.00  0.00 84.00  0.00 1665.47 
4  76.00  0.00 77.00  0.00 84.00  0.00 85.00  0.00 7283.46 
4  76.00  0.00 77.00  0.00 85.00  0.00 86.00  0.00 134774.34 
4  76.00  0.00 77.00  0.00 86.00  0.00 87.00  0.00 19006.63 
4  77.00  0.00 78.00  0.00 83.00  0.00 84.00  0.00 1562.53 
4  77.00  0.00 78.00  0.00 84.00  0.00 85.00  0.00 41343.41 
4  77.00  0.00 78.00  0.00 85.00  0.00 86.00  0.00 11642.35 
4  77.00  0.00 78.00  0.00 86.00  0.00 87.00  0.00 5367.33 
4  77.00  0.00 78.00  0.00 87.00  0.00 88.00  0.00 45615.92 
4  78.00  0.00 79.00  0.00 83.00  0.00 84.00  0.00 207.35 
4  78.00  0.00 79.00  0.00 84.00  0.00 85.00  0.00 6470.47 
4  78.00  0.00 79.00  0.00 85.00  0.00 86.00  0.00 13341.31 
4  78.00  0.00 79.00  0.00 86.00  0.00 87.00  0.00 4859.28 
4  78.00  0.00 79.00  0.00 87.00  0.00 88.00  0.00 17478.68 
4  78.00  0.00 79.00  0.00 88.00  0.00 89.00  0.00 20545.32 
4  79.00  0.00 80.00  0.00 83.00  0.00 84.00  0.00 204.89 
4  79.00  0.00 80.00  0.00 84.00  0.00 85.00  0.00 2177.45 
4  79.00  0.00 80.00  0.00 85.00  0.00 86.00  0.00 22650.88 
4  79.00  0.00 80.00  0.00 86.00  0.00 87.00  0.00 2383.56 
4  79.00  0.00 80.00  0.00 87.00  0.00 88.00  0.00 59112.10 
4  79.00  0.00 80.00  0.00 88.00  0.00 89.00  0.00 628.32 
4  79.00  0.00 80.00  0.00 89.00  0.00 90.00  0.00 21974.07 
4  80.00  0.00 81.00  0.00 83.00  0.00 84.00  0.00 1238.69 
4  80.00  0.00 81.00  0.00 84.00  0.00 85.00  0.00 3319.16 
4  80.00  0.00 81.00  0.00 85.00  0.00 86.00  0.00 2070.80 
4  80.00  0.00 81.00  0.00 86.00  0.00 87.00  0.00 10005.97 
4  80.00  0.00 81.00  0.00 87.00  0.00 88.00  0.00 26629.32 
4  80.00  0.00 81.00  0.00 88.00  0.00 89.00  0.00 47500.80 
4  80.00  0.00 81.00  0.00 89.00  0.00 90.00  0.00 35786.03 
4  80.00  0.00 81.00  0.00 90.00  0.00 91.00  0.00 7606.41 
4  81.00  0.00 82.00  0.00 83.00  0.00 84.00  0.00 265.99 
4  81.00  0.00 82.00  0.00 84.00  0.00 85.00  0.00 222.16 
4  81.00  0.00 82.00  0.00 85.00  0.00 86.00  0.00 3166.72 
4  81.00  0.00 82.00  0.00 86.00  0.00 87.00  0.00 61934.26 
4  81.00  0.00 82.00  0.00 87.00  0.00 88.00  0.00 299.88 
4  81.00  0.00 82.00  0.00 88.00  0.00 89.00  0.00 9236.29 
4  81.00  0.00 82.00  0.00 89.00  0.00 90.00  0.00 3402.83 
4  81.00  0.00 82.00  0.00 90.00  0.00 91.00  0.00 8684.26 
4  81.00  0.00 82.00  0.00 91.00  0.00 92.00  0.00 19973.61 
4  82.00  0.00 83.00  0.00 84.00  0.00 85.00  0.00 80.36 
4  82.00  0.00 83.00  0.00 85.00  0.00 86.00  0.00 41.20 
4  82.00  0.00 83.00  0.00 86.00  0.00 87.00  0.00 1520.13 
4  82.00  0.00 83.00  0.00 87.00  0.00 88.00  0.00 257.04 
4  82.00  0.00 83.00  0.00 88.00  0.00 89.00  0.00 2873.04 
4  82.00  0.00 83.00  0.00 89.00  0.00 90.00  0.00 36945.18 
4  82.00  0.00 83.00  0.00 90.00  0.00 91.00  0.00 229587.19 
4  82.00  0.00 83.00  0.00 91.00  0.00 92.00  0.00 10347.21 
4  82.00  0.00 83.00  0.00 92.00  0.00 93.00  0.00 50054.40 
4  83.00  0.00 84.00  0.00 85.00  0.00 86.00  0.00 72.97 
4  83.00  0.00 84.00  0.00 86.00  0.00 87.00  0.00 193.88 
4  83.00  0.00 84.00  0.00 87.00  0.00 88.00  0.00 314.16 
4  83.00  0.00 84.00  0.00 88.00  0.00 89.00  0.00 62674.79 
4  83.00  0.00 84.00  0.00 89.00  0.00 90.00  0.00 10273.01 
4  83.00  0.00 84.00  0.00 90.00  0.00 91.00  0.00 19685.08 
4  83.00  0.00 84.00  0.00 91.00  0.00 92.00  0.00 11716.86 
4  83.00  0.00 84.00  0.00 92.00  0.00 93.00  0.00 45238.94 
4  83.00  0.00 84.00  0.00 93.00  0.00 94.00  0.00 3110.18 
4  84.00  0.00 85.00  0.00 86.00  0.00 87.00  0.00 154.84 
4  84.00  0.00 85.00  0.00 87.00  0.00 88.00  0.00 280.24 
4  84.00  0.00 85.00  0.00 88.00  0.00 89.00  0.00 9738.93 
4  84.00  0.00 85.00  0.00 89.00  0.00 90.00  0.00 8639.38 
4  84.00  0.00 85.00  0.00 90.00  0.00 91.00  0.00 772.03 
4  84.00  0.00 85.00  0.00 91.00  0.00 92.00  0.00 26096.20 
4  84.00  0.00 85.00  0.00 92.00  0.00 93.00  0.00 15113.89 
4  84.00  0.00 85.00  0.00 93.00  0.00 94.00  0.00 196789.38 
4  84.00  0.00 85.00  0.00 94.00  0.00 95.00  0.00 20216.14 
4  85.00  0.00 86.00  0.00 87.00  0.00 88.00  0.00 43.76 
4  85.00  0.00 86.00  0.00 88.00  0.00 89.00  0.00 353.43 
4  85.00  0.00 86.00  0.00 89.00  0.00 90.00  0.00 1388.91 
4  85.00  0.00 86.00  0.00 90.00  0.00 91.00  0.00 698.13 
4  85.00  0.00 86.00  0.00 91.00  0.00 92.00  0.00 5607.74 
4  85.00  0.00 86.00  0.00 92.00  0.00 93.00  0.00 53130.69 
4  85.00  0.00 86.00  0.00 93.00  0.00 94.00  0.00 49784.50 
4  85.00  0.00 86.00  0.00 94.00  0.00 95.00  0.00 28709.33 
4  86.00  0.00 87.00  0.00 88.00  0.00 89.00  0.00 43.68 
4  86.00  0.00 87.00  0.00 89.00  0.00 90.00  0.00 61.13 
4  86.00  0.00 87.00  0.00 90.00  0.00 91.00  0.00 5369.93 
4  86.00  0.00 87.00  0.00 91.00  0.00 92.00  0.00 4840.91 
4  86.00  0.00 87.00  0.00 92.00  0.00 93.00  0.00 9189.16 
4  86.00  0.00 87.00  0.00 93.00  0.00 94.00  0.00 45435.69 
4  86.00  0.00 87.00  0.00 94.00  0.00 95.00  0.00 34306.13 
4  87.00  0.00 88.00  0.00 89.00  0.00 90.00  0.00 55.85 
4  87.00  0.00 88.00  0.00 90.00  0.00 91.00  0.00 161.08 
4  87.00  0.00 88.00  0.00 91.00  0.00 92.00  0.00 304.58 
4  87.00  0.00 88.00  0.00 92.00  0.00 93.00  0.00 1178.10 
4  87.00  0.00 88.00  0.00 93.00  0.00 94.00  0.00 11728.61 
4  87.00  0.00 88.00  0.00 94.00  0.00 95.00  0.00 5683.87 
4  88.00  0.00 89.00  0.00 90.00  0.00 91.00  0.00 154.57 
4  88.00  0.00 89.00  0.00 91.00  0.00 92.00  0.00 41.89 
4  88.00  0.00 89.00  0.00 92.00  0.00 93.00  0.00 1594.96 
4  88.00  0.00 89.00  0.00 93.00  0.00 94.00  0.00 17572.65 
4  88.00  0.00 89.00  0.00 94.00  0.00 95.00  0.00 8531.05 
4  89.00  0.00 90.00  0.00 91.00  0.00 92.00  0.00 217.49 
4  89.00  0.00 90.00  0.00 92.00  0.00 93.00  0.00 867.96 
4  89.00  0.00 90.00  0.00 93.00  0.00 94.00  0.00 6367.47 
4  89.00  0.00 90.00  0.00 94.00  0.00 95.00  0.00 4883.75 
4  90.00  0.00 91.00  0.00 92.00  0.00 93.00  0.00 22.85 
4  90.00  0.00 91.00  0.00 93.00  0.00 94.00  0.00 2103.21 
4  90.00  0.00 91.00  0.00 94.00  0.00 95.00  0.00 2677.83 
4  91.00  0.00 92.00  0.00 93.00  0.00 94.00  0.00 927.09 
4  91.00  0.00 92.00  0.00 94.00  0.00 95.00  0.00 666.56 
4  92.00  0.00 93.00  0.00 94.00  0.00 95.00  0.00 33.19 
0
0
0
0
