mcline1inc.bin
         1.00
11
3
Type of measurement (0=app. resistivity,1=resistance)
0
485
 2
0
4  0.00  0.00 1.00  0.00 2.00  0.00 3.00  0.00 120.17 
4  0.00  0.00 1.00  0.00 3.00  0.00 4.00  0.00 75.95 
4  0.00  0.00 1.00  0.00 4.00  0.00 5.00  0.00 63.15 
4  0.00  0.00 1.00  0.00 5.00  0.00 6.00  0.00 52.90 
4  0.00  0.00 1.00  0.00 6.00  0.00 7.00  0.00 41.45 
4  0.00  0.00 1.00  0.00 7.00  0.00 8.00  0.00 54.19 
4  0.00  0.00 1.00  0.00 8.00  0.00 9.00  0.00 74.37 
4  0.00  0.00 1.00  0.00 9.00  0.00 10.00  0.00 453.33 
4  0.00  0.00 1.00  0.00 10.00  0.00 11.00  0.00 478.95 
4  1.00  0.00 2.00  0.00 3.00  0.00 4.00  0.00 120.08 
4  1.00  0.00 2.00  0.00 4.00  0.00 5.00  0.00 82.45 
4  1.00  0.00 2.00  0.00 5.00  0.00 6.00  0.00 60.88 
4  1.00  0.00 2.00  0.00 6.00  0.00 7.00  0.00 47.43 
4  1.00  0.00 2.00  0.00 7.00  0.00 8.00  0.00 53.61 
4  1.00  0.00 2.00  0.00 8.00  0.00 9.00  0.00 53.85 
4  1.00  0.00 2.00  0.00 9.00  0.00 10.00  0.00 54.04 
4  1.00  0.00 2.00  0.00 10.00  0.00 11.00  0.00 77.44 
4  1.00  0.00 2.00  0.00 11.00  0.00 12.00  0.00 59.08 
4  2.00  0.00 3.00  0.00 4.00  0.00 5.00  0.00 117.34 
4  2.00  0.00 3.00  0.00 5.00  0.00 6.00  0.00 70.11 
4  2.00  0.00 3.00  0.00 6.00  0.00 7.00  0.00 54.55 
4  2.00  0.00 3.00  0.00 7.00  0.00 8.00  0.00 53.41 
4  2.00  0.00 3.00  0.00 8.00  0.00 9.00  0.00 54.41 
4  2.00  0.00 3.00  0.00 9.00  0.00 10.00  0.00 64.46 
4  2.00  0.00 3.00  0.00 10.00  0.00 11.00  0.00 47.57 
4  2.00  0.00 3.00  0.00 11.00  0.00 12.00  0.00 64.83 
4  2.00  0.00 3.00  0.00 12.00  0.00 13.00  0.00 91.56 
4  3.00  0.00 4.00  0.00 5.00  0.00 6.00  0.00 103.36 
4  3.00  0.00 4.00  0.00 6.00  0.00 7.00  0.00 67.06 
4  3.00  0.00 4.00  0.00 7.00  0.00 8.00  0.00 59.44 
4  3.00  0.00 4.00  0.00 8.00  0.00 9.00  0.00 49.25 
4  3.00  0.00 4.00  0.00 9.00  0.00 10.00  0.00 48.98 
4  3.00  0.00 4.00  0.00 10.00  0.00 11.00  0.00 54.27 
4  3.00  0.00 4.00  0.00 11.00  0.00 12.00  0.00 53.98 
4  3.00  0.00 4.00  0.00 12.00  0.00 13.00  0.00 47.64 
4  3.00  0.00 4.00  0.00 13.00  0.00 14.00  0.00 46.27 
4  4.00  0.00 5.00  0.00 6.00  0.00 7.00  0.00 102.33 
4  4.00  0.00 5.00  0.00 7.00  0.00 8.00  0.00 82.61 
4  4.00  0.00 5.00  0.00 8.00  0.00 9.00  0.00 58.69 
4  4.00  0.00 5.00  0.00 9.00  0.00 10.00  0.00 55.57 
4  4.00  0.00 5.00  0.00 10.00  0.00 11.00  0.00 51.76 
4  4.00  0.00 5.00  0.00 11.00  0.00 12.00  0.00 49.78 
4  4.00  0.00 5.00  0.00 12.00  0.00 13.00  0.00 63.22 
4  4.00  0.00 5.00  0.00 13.00  0.00 14.00  0.00 58.77 
4  4.00  0.00 5.00  0.00 14.00  0.00 15.00  0.00 43.54 
4  5.00  0.00 6.00  0.00 7.00  0.00 8.00  0.00 121.94 
4  5.00  0.00 6.00  0.00 8.00  0.00 9.00  0.00 77.21 
4  5.00  0.00 6.00  0.00 9.00  0.00 10.00  0.00 57.03 
4  5.00  0.00 6.00  0.00 10.00  0.00 11.00  0.00 53.76 
4  5.00  0.00 6.00  0.00 11.00  0.00 12.00  0.00 47.51 
4  5.00  0.00 6.00  0.00 12.00  0.00 13.00  0.00 49.51 
4  5.00  0.00 6.00  0.00 13.00  0.00 14.00  0.00 51.21 
4  5.00  0.00 6.00  0.00 14.00  0.00 15.00  0.00 58.44 
4  5.00  0.00 6.00  0.00 15.00  0.00 16.00  0.00 57.29 
4  6.00  0.00 7.00  0.00 8.00  0.00 9.00  0.00 113.66 
4  6.00  0.00 7.00  0.00 9.00  0.00 10.00  0.00 76.54 
4  6.00  0.00 7.00  0.00 10.00  0.00 11.00  0.00 50.32 
4  6.00  0.00 7.00  0.00 11.00  0.00 12.00  0.00 44.24 
4  6.00  0.00 7.00  0.00 12.00  0.00 13.00  0.00 44.52 
4  6.00  0.00 7.00  0.00 13.00  0.00 14.00  0.00 46.06 
4  6.00  0.00 7.00  0.00 14.00  0.00 15.00  0.00 51.83 
4  6.00  0.00 7.00  0.00 15.00  0.00 16.00  0.00 52.35 
4  6.00  0.00 7.00  0.00 16.00  0.00 17.00  0.00 58.63 
4  7.00  0.00 8.00  0.00 9.00  0.00 10.00  0.00 127.57 
4  7.00  0.00 8.00  0.00 10.00  0.00 11.00  0.00 72.50 
4  7.00  0.00 8.00  0.00 11.00  0.00 12.00  0.00 49.58 
4  7.00  0.00 8.00  0.00 12.00  0.00 13.00  0.00 44.83 
4  7.00  0.00 8.00  0.00 13.00  0.00 14.00  0.00 42.95 
4  7.00  0.00 8.00  0.00 14.00  0.00 15.00  0.00 49.28 
4  7.00  0.00 8.00  0.00 15.00  0.00 16.00  0.00 46.98 
4  7.00  0.00 8.00  0.00 16.00  0.00 17.00  0.00 57.36 
4  7.00  0.00 8.00  0.00 17.00  0.00 18.00  0.00 56.35 
4  8.00  0.00 9.00  0.00 10.00  0.00 11.00  0.00 112.59 
4  8.00  0.00 9.00  0.00 11.00  0.00 12.00  0.00 62.77 
4  8.00  0.00 9.00  0.00 12.00  0.00 13.00  0.00 47.31 
4  8.00  0.00 9.00  0.00 13.00  0.00 14.00  0.00 46.48 
4  8.00  0.00 9.00  0.00 14.00  0.00 15.00  0.00 48.70 
4  8.00  0.00 9.00  0.00 15.00  0.00 16.00  0.00 49.32 
4  8.00  0.00 9.00  0.00 16.00  0.00 17.00  0.00 55.10 
4  8.00  0.00 9.00  0.00 17.00  0.00 18.00  0.00 60.02 
4  8.00  0.00 9.00  0.00 18.00  0.00 19.00  0.00 61.74 
4  9.00  0.00 10.00  0.00 11.00  0.00 12.00  0.00 104.53 
4  9.00  0.00 10.00  0.00 12.00  0.00 13.00  0.00 60.15 
4  9.00  0.00 10.00  0.00 13.00  0.00 14.00  0.00 51.72 
4  9.00  0.00 10.00  0.00 14.00  0.00 15.00  0.00 50.71 
4  9.00  0.00 10.00  0.00 15.00  0.00 16.00  0.00 52.12 
4  9.00  0.00 10.00  0.00 16.00  0.00 17.00  0.00 58.13 
4  9.00  0.00 10.00  0.00 17.00  0.00 18.00  0.00 62.02 
4  9.00  0.00 10.00  0.00 18.00  0.00 19.00  0.00 72.59 
4  9.00  0.00 10.00  0.00 19.00  0.00 20.00  0.00 64.99 
4  10.00  0.00 11.00  0.00 12.00  0.00 13.00  0.00 81.74 
4  10.00  0.00 11.00  0.00 13.00  0.00 14.00  0.00 56.66 
4  10.00  0.00 11.00  0.00 14.00  0.00 15.00  0.00 49.85 
4  10.00  0.00 11.00  0.00 15.00  0.00 16.00  0.00 48.23 
4  10.00  0.00 11.00  0.00 16.00  0.00 17.00  0.00 53.56 
4  10.00  0.00 11.00  0.00 17.00  0.00 18.00  0.00 58.91 
4  10.00  0.00 11.00  0.00 18.00  0.00 19.00  0.00 58.13 
4  10.00  0.00 11.00  0.00 19.00  0.00 20.00  0.00 57.50 
4  10.00  0.00 11.00  0.00 20.00  0.00 21.00  0.00 60.60 
4  11.00  0.00 12.00  0.00 13.00  0.00 14.00  0.00 75.70 
4  11.00  0.00 12.00  0.00 14.00  0.00 15.00  0.00 52.87 
4  11.00  0.00 12.00  0.00 15.00  0.00 16.00  0.00 47.57 
4  11.00  0.00 12.00  0.00 16.00  0.00 17.00  0.00 50.95 
4  11.00  0.00 12.00  0.00 17.00  0.00 18.00  0.00 51.63 
4  11.00  0.00 12.00  0.00 18.00  0.00 19.00  0.00 58.30 
4  11.00  0.00 12.00  0.00 19.00  0.00 20.00  0.00 54.44 
4  11.00  0.00 12.00  0.00 20.00  0.00 21.00  0.00 58.86 
4  11.00  0.00 12.00  0.00 21.00  0.00 22.00  0.00 50.94 
4  12.00  0.00 13.00  0.00 14.00  0.00 15.00  0.00 75.16 
4  12.00  0.00 13.00  0.00 15.00  0.00 16.00  0.00 51.52 
4  12.00  0.00 13.00  0.00 16.00  0.00 17.00  0.00 49.91 
4  12.00  0.00 13.00  0.00 17.00  0.00 18.00  0.00 48.48 
4  12.00  0.00 13.00  0.00 18.00  0.00 19.00  0.00 53.06 
4  12.00  0.00 13.00  0.00 19.00  0.00 20.00  0.00 56.60 
4  12.00  0.00 13.00  0.00 20.00  0.00 21.00  0.00 55.08 
4  12.00  0.00 13.00  0.00 21.00  0.00 22.00  0.00 50.17 
4  12.00  0.00 13.00  0.00 22.00  0.00 23.00  0.00 53.47 
4  13.00  0.00 14.00  0.00 15.00  0.00 16.00  0.00 78.12 
4  13.00  0.00 14.00  0.00 16.00  0.00 17.00  0.00 55.82 
4  13.00  0.00 14.00  0.00 17.00  0.00 18.00  0.00 49.51 
4  13.00  0.00 14.00  0.00 18.00  0.00 19.00  0.00 51.25 
4  13.00  0.00 14.00  0.00 19.00  0.00 20.00  0.00 51.87 
4  13.00  0.00 14.00  0.00 20.00  0.00 21.00  0.00 50.80 
4  13.00  0.00 14.00  0.00 21.00  0.00 22.00  0.00 40.04 
4  13.00  0.00 14.00  0.00 22.00  0.00 23.00  0.00 52.00 
4  14.00  0.00 15.00  0.00 16.00  0.00 17.00  0.00 82.24 
4  14.00  0.00 15.00  0.00 17.00  0.00 18.00  0.00 51.13 
4  14.00  0.00 15.00  0.00 18.00  0.00 19.00  0.00 49.77 
4  14.00  0.00 15.00  0.00 19.00  0.00 20.00  0.00 48.96 
4  14.00  0.00 15.00  0.00 20.00  0.00 21.00  0.00 47.77 
4  14.00  0.00 15.00  0.00 21.00  0.00 22.00  0.00 42.89 
4  14.00  0.00 15.00  0.00 22.00  0.00 23.00  0.00 47.45 
4  15.00  0.00 16.00  0.00 17.00  0.00 18.00  0.00 72.14 
4  15.00  0.00 16.00  0.00 18.00  0.00 19.00  0.00 52.63 
4  15.00  0.00 16.00  0.00 19.00  0.00 20.00  0.00 47.31 
4  15.00  0.00 16.00  0.00 20.00  0.00 21.00  0.00 45.10 
4  15.00  0.00 16.00  0.00 21.00  0.00 22.00  0.00 39.46 
4  15.00  0.00 16.00  0.00 22.00  0.00 23.00  0.00 46.54 
4  16.00  0.00 17.00  0.00 18.00  0.00 19.00  0.00 87.86 
4  16.00  0.00 17.00  0.00 19.00  0.00 20.00  0.00 59.50 
4  16.00  0.00 17.00  0.00 20.00  0.00 21.00  0.00 50.11 
4  16.00  0.00 17.00  0.00 21.00  0.00 22.00  0.00 39.98 
4  16.00  0.00 17.00  0.00 22.00  0.00 23.00  0.00 46.54 
4  17.00  0.00 18.00  0.00 19.00  0.00 20.00  0.00 81.25 
4  17.00  0.00 18.00  0.00 20.00  0.00 21.00  0.00 55.45 
4  17.00  0.00 18.00  0.00 21.00  0.00 22.00  0.00 41.75 
4  17.00  0.00 18.00  0.00 22.00  0.00 23.00  0.00 44.38 
4  18.00  0.00 19.00  0.00 20.00  0.00 21.00  0.00 81.00 
4  18.00  0.00 19.00  0.00 21.00  0.00 22.00  0.00 48.06 
4  18.00  0.00 19.00  0.00 22.00  0.00 23.00  0.00 44.49 
4  19.00  0.00 20.00  0.00 21.00  0.00 22.00  0.00 67.92 
4  19.00  0.00 20.00  0.00 22.00  0.00 23.00  0.00 48.12 
4  20.00  0.00 21.00  0.00 22.00  0.00 23.00  0.00 72.03 
4  13.00  0.00 14.00  0.00 23.00  0.00 24.00  0.00 46.53 
4  14.00  0.00 15.00  0.00 23.00  0.00 24.00  0.00 36.71 
4  14.00  0.00 15.00  0.00 24.00  0.00 25.00  0.00 42.24 
4  15.00  0.00 16.00  0.00 23.00  0.00 24.00  0.00 40.88 
4  15.00  0.00 16.00  0.00 24.00  0.00 25.00  0.00 38.45 
4  15.00  0.00 16.00  0.00 25.00  0.00 26.00  0.00 33.12 
4  16.00  0.00 17.00  0.00 23.00  0.00 24.00  0.00 42.91 
4  16.00  0.00 17.00  0.00 24.00  0.00 25.00  0.00 39.87 
4  16.00  0.00 17.00  0.00 25.00  0.00 26.00  0.00 45.30 
4  16.00  0.00 17.00  0.00 26.00  0.00 27.00  0.00 65.74 
4  17.00  0.00 18.00  0.00 23.00  0.00 24.00  0.00 39.82 
4  17.00  0.00 18.00  0.00 24.00  0.00 25.00  0.00 38.71 
4  17.00  0.00 18.00  0.00 25.00  0.00 26.00  0.00 43.95 
4  17.00  0.00 18.00  0.00 26.00  0.00 27.00  0.00 46.26 
4  17.00  0.00 18.00  0.00 27.00  0.00 28.00  0.00 34.47 
4  18.00  0.00 19.00  0.00 23.00  0.00 24.00  0.00 39.48 
4  18.00  0.00 19.00  0.00 24.00  0.00 25.00  0.00 37.95 
4  18.00  0.00 19.00  0.00 25.00  0.00 26.00  0.00 39.47 
4  18.00  0.00 19.00  0.00 26.00  0.00 27.00  0.00 43.08 
4  18.00  0.00 19.00  0.00 27.00  0.00 28.00  0.00 70.82 
4  18.00  0.00 19.00  0.00 28.00  0.00 29.00  0.00 5.41 
4  19.00  0.00 20.00  0.00 23.00  0.00 24.00  0.00 36.49 
4  19.00  0.00 20.00  0.00 24.00  0.00 25.00  0.00 36.01 
4  19.00  0.00 20.00  0.00 25.00  0.00 26.00  0.00 34.42 
4  19.00  0.00 20.00  0.00 26.00  0.00 27.00  0.00 33.61 
4  19.00  0.00 20.00  0.00 27.00  0.00 28.00  0.00 47.23 
4  19.00  0.00 20.00  0.00 28.00  0.00 29.00  0.00 30.22 
4  19.00  0.00 20.00  0.00 29.00  0.00 30.00  0.00 25.50 
4  20.00  0.00 21.00  0.00 23.00  0.00 24.00  0.00 40.55 
4  20.00  0.00 21.00  0.00 24.00  0.00 25.00  0.00 33.67 
4  20.00  0.00 21.00  0.00 25.00  0.00 26.00  0.00 34.28 
4  20.00  0.00 21.00  0.00 26.00  0.00 27.00  0.00 34.09 
4  20.00  0.00 21.00  0.00 27.00  0.00 28.00  0.00 35.75 
4  20.00  0.00 21.00  0.00 28.00  0.00 29.00  0.00 34.21 
4  20.00  0.00 21.00  0.00 29.00  0.00 30.00  0.00 35.64 
4  20.00  0.00 21.00  0.00 30.00  0.00 31.00  0.00 34.50 
4  21.00  0.00 22.00  0.00 23.00  0.00 24.00  0.00 59.92 
4  21.00  0.00 22.00  0.00 24.00  0.00 25.00  0.00 35.62 
4  21.00  0.00 22.00  0.00 25.00  0.00 26.00  0.00 29.41 
4  21.00  0.00 22.00  0.00 26.00  0.00 27.00  0.00 28.29 
4  21.00  0.00 22.00  0.00 27.00  0.00 28.00  0.00 30.28 
4  21.00  0.00 22.00  0.00 28.00  0.00 29.00  0.00 27.68 
4  21.00  0.00 22.00  0.00 29.00  0.00 30.00  0.00 25.29 
4  21.00  0.00 22.00  0.00 30.00  0.00 31.00  0.00 42.06 
4  21.00  0.00 22.00  0.00 31.00  0.00 32.00  0.00 16.89 
4  22.00  0.00 23.00  0.00 24.00  0.00 25.00  0.00 67.61 
4  22.00  0.00 23.00  0.00 25.00  0.00 26.00  0.00 42.56 
4  22.00  0.00 23.00  0.00 26.00  0.00 27.00  0.00 32.45 
4  22.00  0.00 23.00  0.00 27.00  0.00 28.00  0.00 27.72 
4  22.00  0.00 23.00  0.00 28.00  0.00 29.00  0.00 28.95 
4  22.00  0.00 23.00  0.00 29.00  0.00 30.00  0.00 30.77 
4  22.00  0.00 23.00  0.00 30.00  0.00 31.00  0.00 32.04 
4  22.00  0.00 23.00  0.00 31.00  0.00 32.00  0.00 33.73 
4  22.00  0.00 23.00  0.00 32.00  0.00 33.00  0.00 36.90 
4  23.00  0.00 24.00  0.00 25.00  0.00 26.00  0.00 80.61 
4  23.00  0.00 24.00  0.00 26.00  0.00 27.00  0.00 42.27 
4  23.00  0.00 24.00  0.00 27.00  0.00 28.00  0.00 50.41 
4  23.00  0.00 24.00  0.00 28.00  0.00 29.00  0.00 26.66 
4  23.00  0.00 24.00  0.00 29.00  0.00 30.00  0.00 13.80 
4  23.00  0.00 24.00  0.00 30.00  0.00 31.00  0.00 38.49 
4  23.00  0.00 24.00  0.00 31.00  0.00 32.00  0.00 30.79 
4  23.00  0.00 24.00  0.00 32.00  0.00 33.00  0.00 41.70 
4  23.00  0.00 24.00  0.00 33.00  0.00 34.00  0.00 542.29 
4  24.00  0.00 25.00  0.00 26.00  0.00 27.00  0.00 84.58 
4  24.00  0.00 25.00  0.00 27.00  0.00 28.00  0.00 33.59 
4  24.00  0.00 25.00  0.00 28.00  0.00 29.00  0.00 24.20 
4  24.00  0.00 25.00  0.00 29.00  0.00 30.00  0.00 25.76 
4  24.00  0.00 25.00  0.00 30.00  0.00 31.00  0.00 10.94 
4  24.00  0.00 25.00  0.00 31.00  0.00 32.00  0.00 19.65 
4  24.00  0.00 25.00  0.00 32.00  0.00 33.00  0.00 97.13 
4  24.00  0.00 25.00  0.00 33.00  0.00 34.00  0.00 449.70 
4  24.00  0.00 25.00  0.00 34.00  0.00 35.00  0.00 670.47 
4  25.00  0.00 26.00  0.00 27.00  0.00 28.00  0.00 110.84 
4  25.00  0.00 26.00  0.00 28.00  0.00 29.00  0.00 36.81 
4  25.00  0.00 26.00  0.00 29.00  0.00 30.00  0.00 22.97 
4  25.00  0.00 26.00  0.00 30.00  0.00 31.00  0.00 19.91 
4  25.00  0.00 26.00  0.00 31.00  0.00 32.00  0.00 24.45 
4  25.00  0.00 26.00  0.00 32.00  0.00 33.00  0.00 14.64 
4  25.00  0.00 26.00  0.00 33.00  0.00 34.00  0.00 22.54 
4  25.00  0.00 26.00  0.00 34.00  0.00 35.00  0.00 34.75 
4  26.00  0.00 27.00  0.00 28.00  0.00 29.00  0.00 94.18 
4  26.00  0.00 27.00  0.00 29.00  0.00 30.00  0.00 37.99 
4  26.00  0.00 27.00  0.00 30.00  0.00 31.00  0.00 22.83 
4  26.00  0.00 27.00  0.00 31.00  0.00 32.00  0.00 20.63 
4  26.00  0.00 27.00  0.00 32.00  0.00 33.00  0.00 23.56 
4  26.00  0.00 27.00  0.00 33.00  0.00 34.00  0.00 28.98 
4  26.00  0.00 27.00  0.00 34.00  0.00 35.00  0.00 22.17 
4  27.00  0.00 28.00  0.00 29.00  0.00 30.00  0.00 85.52 
4  27.00  0.00 28.00  0.00 30.00  0.00 31.00  0.00 39.26 
4  27.00  0.00 28.00  0.00 31.00  0.00 32.00  0.00 21.00 
4  27.00  0.00 28.00  0.00 32.00  0.00 33.00  0.00 16.61 
4  27.00  0.00 28.00  0.00 33.00  0.00 34.00  0.00 22.07 
4  27.00  0.00 28.00  0.00 34.00  0.00 35.00  0.00 20.04 
4  28.00  0.00 29.00  0.00 30.00  0.00 31.00  0.00 87.17 
4  28.00  0.00 29.00  0.00 31.00  0.00 32.00  0.00 38.20 
4  28.00  0.00 29.00  0.00 32.00  0.00 33.00  0.00 20.70 
4  28.00  0.00 29.00  0.00 33.00  0.00 34.00  0.00 19.30 
4  28.00  0.00 29.00  0.00 34.00  0.00 35.00  0.00 20.17 
4  29.00  0.00 30.00  0.00 31.00  0.00 32.00  0.00 84.91 
4  29.00  0.00 30.00  0.00 32.00  0.00 33.00  0.00 37.44 
4  29.00  0.00 30.00  0.00 33.00  0.00 34.00  0.00 17.12 
4  29.00  0.00 30.00  0.00 34.00  0.00 35.00  0.00 22.24 
4  30.00  0.00 31.00  0.00 32.00  0.00 33.00  0.00 88.76 
4  30.00  0.00 31.00  0.00 33.00  0.00 34.00  0.00 37.48 
4  30.00  0.00 31.00  0.00 34.00  0.00 35.00  0.00 23.30 
4  31.00  0.00 32.00  0.00 33.00  0.00 34.00  0.00 93.05 
4  31.00  0.00 32.00  0.00 34.00  0.00 35.00  0.00 46.74 
4  32.00  0.00 33.00  0.00 34.00  0.00 35.00  0.00 124.75 
4  25.00  0.00 26.00  0.00 35.00  0.00 36.00  0.00 1.36 
4  26.00  0.00 27.00  0.00 35.00  0.00 36.00  0.00 25.18 
4  26.00  0.00 27.00  0.00 36.00  0.00 37.00  0.00 29.46 
4  27.00  0.00 28.00  0.00 35.00  0.00 36.00  0.00 22.07 
4  27.00  0.00 28.00  0.00 36.00  0.00 37.00  0.00 15.00 
4  27.00  0.00 28.00  0.00 37.00  0.00 38.00  0.00 20.34 
4  28.00  0.00 29.00  0.00 35.00  0.00 36.00  0.00 21.24 
4  28.00  0.00 29.00  0.00 36.00  0.00 37.00  0.00 18.42 
4  28.00  0.00 29.00  0.00 37.00  0.00 38.00  0.00 24.28 
4  28.00  0.00 29.00  0.00 38.00  0.00 39.00  0.00 33.26 
4  29.00  0.00 30.00  0.00 35.00  0.00 36.00  0.00 17.81 
4  29.00  0.00 30.00  0.00 36.00  0.00 37.00  0.00 9.33 
4  29.00  0.00 30.00  0.00 37.00  0.00 38.00  0.00 18.75 
4  29.00  0.00 30.00  0.00 38.00  0.00 39.00  0.00 26.60 
4  29.00  0.00 30.00  0.00 39.00  0.00 40.00  0.00 18.68 
4  30.00  0.00 31.00  0.00 35.00  0.00 36.00  0.00 16.41 
4  30.00  0.00 31.00  0.00 36.00  0.00 37.00  0.00 15.57 
4  30.00  0.00 31.00  0.00 37.00  0.00 38.00  0.00 15.57 
4  30.00  0.00 31.00  0.00 38.00  0.00 39.00  0.00 21.15 
4  30.00  0.00 31.00  0.00 39.00  0.00 40.00  0.00 20.79 
4  30.00  0.00 31.00  0.00 40.00  0.00 41.00  0.00 17.03 
4  31.00  0.00 32.00  0.00 35.00  0.00 36.00  0.00 22.96 
4  31.00  0.00 32.00  0.00 36.00  0.00 37.00  0.00 16.87 
4  31.00  0.00 32.00  0.00 37.00  0.00 38.00  0.00 16.03 
4  31.00  0.00 32.00  0.00 38.00  0.00 39.00  0.00 19.28 
4  31.00  0.00 32.00  0.00 39.00  0.00 40.00  0.00 23.08 
4  31.00  0.00 32.00  0.00 40.00  0.00 41.00  0.00 21.61 
4  31.00  0.00 32.00  0.00 41.00  0.00 42.00  0.00 13.91 
4  32.00  0.00 33.00  0.00 35.00  0.00 36.00  0.00 49.47 
4  32.00  0.00 33.00  0.00 36.00  0.00 37.00  0.00 22.50 
4  32.00  0.00 33.00  0.00 37.00  0.00 38.00  0.00 17.99 
4  32.00  0.00 33.00  0.00 38.00  0.00 39.00  0.00 16.86 
4  32.00  0.00 33.00  0.00 39.00  0.00 40.00  0.00 17.75 
4  32.00  0.00 33.00  0.00 40.00  0.00 41.00  0.00 27.10 
4  32.00  0.00 33.00  0.00 41.00  0.00 42.00  0.00 20.15 
4  32.00  0.00 33.00  0.00 42.00  0.00 43.00  0.00 43.53 
4  33.00  0.00 34.00  0.00 35.00  0.00 36.00  0.00 98.16 
4  33.00  0.00 34.00  0.00 36.00  0.00 37.00  0.00 38.90 
4  33.00  0.00 34.00  0.00 37.00  0.00 38.00  0.00 21.24 
4  33.00  0.00 34.00  0.00 38.00  0.00 39.00  0.00 17.17 
4  33.00  0.00 34.00  0.00 39.00  0.00 40.00  0.00 14.57 
4  33.00  0.00 34.00  0.00 40.00  0.00 41.00  0.00 11.70 
4  33.00  0.00 34.00  0.00 41.00  0.00 42.00  0.00 24.40 
4  33.00  0.00 34.00  0.00 42.00  0.00 43.00  0.00 15.20 
4  33.00  0.00 34.00  0.00 43.00  0.00 44.00  0.00 20.48 
4  34.00  0.00 35.00  0.00 36.00  0.00 37.00  0.00 88.43 
4  34.00  0.00 35.00  0.00 37.00  0.00 38.00  0.00 42.06 
4  34.00  0.00 35.00  0.00 38.00  0.00 39.00  0.00 24.08 
4  34.00  0.00 35.00  0.00 39.00  0.00 40.00  0.00 13.52 
4  34.00  0.00 35.00  0.00 40.00  0.00 41.00  0.00 14.13 
4  34.00  0.00 35.00  0.00 41.00  0.00 42.00  0.00 16.70 
4  34.00  0.00 35.00  0.00 42.00  0.00 43.00  0.00 16.04 
4  34.00  0.00 35.00  0.00 43.00  0.00 44.00  0.00 15.46 
4  34.00  0.00 35.00  0.00 44.00  0.00 45.00  0.00 25.27 
4  35.00  0.00 36.00  0.00 37.00  0.00 38.00  0.00 100.39 
4  35.00  0.00 36.00  0.00 38.00  0.00 39.00  0.00 54.93 
4  35.00  0.00 36.00  0.00 39.00  0.00 40.00  0.00 20.33 
4  35.00  0.00 36.00  0.00 40.00  0.00 41.00  0.00 83.69 
4  35.00  0.00 36.00  0.00 41.00  0.00 42.00  0.00 13.99 
4  35.00  0.00 36.00  0.00 42.00  0.00 43.00  0.00 17.31 
4  35.00  0.00 36.00  0.00 43.00  0.00 44.00  0.00 22.75 
4  35.00  0.00 36.00  0.00 44.00  0.00 45.00  0.00 18.23 
4  35.00  0.00 36.00  0.00 45.00  0.00 46.00  0.00 20.31 
4  36.00  0.00 37.00  0.00 38.00  0.00 39.00  0.00 115.39 
4  36.00  0.00 37.00  0.00 39.00  0.00 40.00  0.00 40.92 
4  36.00  0.00 37.00  0.00 40.00  0.00 41.00  0.00 19.36 
4  36.00  0.00 37.00  0.00 41.00  0.00 42.00  0.00 14.33 
4  36.00  0.00 37.00  0.00 42.00  0.00 43.00  0.00 11.41 
4  36.00  0.00 37.00  0.00 43.00  0.00 44.00  0.00 12.22 
4  36.00  0.00 37.00  0.00 44.00  0.00 45.00  0.00 21.90 
4  36.00  0.00 37.00  0.00 45.00  0.00 46.00  0.00 18.18 
4  36.00  0.00 37.00  0.00 46.00  0.00 47.00  0.00 22.44 
4  37.00  0.00 38.00  0.00 39.00  0.00 40.00  0.00 84.51 
4  37.00  0.00 38.00  0.00 40.00  0.00 41.00  0.00 41.55 
4  37.00  0.00 38.00  0.00 41.00  0.00 42.00  0.00 20.17 
4  37.00  0.00 38.00  0.00 42.00  0.00 43.00  0.00 13.94 
4  37.00  0.00 38.00  0.00 43.00  0.00 44.00  0.00 12.86 
4  37.00  0.00 38.00  0.00 44.00  0.00 45.00  0.00 14.83 
4  37.00  0.00 38.00  0.00 45.00  0.00 46.00  0.00 14.16 
4  37.00  0.00 38.00  0.00 46.00  0.00 47.00  0.00 18.17 
4  38.00  0.00 39.00  0.00 40.00  0.00 41.00  0.00 108.37 
4  38.00  0.00 39.00  0.00 41.00  0.00 42.00  0.00 47.56 
4  38.00  0.00 39.00  0.00 42.00  0.00 43.00  0.00 24.80 
4  38.00  0.00 39.00  0.00 43.00  0.00 44.00  0.00 13.29 
4  38.00  0.00 39.00  0.00 44.00  0.00 45.00  0.00 13.11 
4  38.00  0.00 39.00  0.00 45.00  0.00 46.00  0.00 15.94 
4  38.00  0.00 39.00  0.00 46.00  0.00 47.00  0.00 15.84 
4  39.00  0.00 40.00  0.00 41.00  0.00 42.00  0.00 91.69 
4  39.00  0.00 40.00  0.00 42.00  0.00 43.00  0.00 47.35 
4  39.00  0.00 40.00  0.00 43.00  0.00 44.00  0.00 23.46 
4  39.00  0.00 40.00  0.00 44.00  0.00 45.00  0.00 15.91 
4  39.00  0.00 40.00  0.00 45.00  0.00 46.00  0.00 12.35 
4  39.00  0.00 40.00  0.00 46.00  0.00 47.00  0.00 15.13 
4  40.00  0.00 41.00  0.00 42.00  0.00 43.00  0.00 107.05 
4  40.00  0.00 41.00  0.00 43.00  0.00 44.00  0.00 52.30 
4  40.00  0.00 41.00  0.00 44.00  0.00 45.00  0.00 26.98 
4  40.00  0.00 41.00  0.00 45.00  0.00 46.00  0.00 17.32 
4  40.00  0.00 41.00  0.00 46.00  0.00 47.00  0.00 14.45 
4  41.00  0.00 42.00  0.00 43.00  0.00 44.00  0.00 105.76 
4  41.00  0.00 42.00  0.00 44.00  0.00 45.00  0.00 60.30 
4  41.00  0.00 42.00  0.00 45.00  0.00 46.00  0.00 29.56 
4  41.00  0.00 42.00  0.00 46.00  0.00 47.00  0.00 19.55 
4  42.00  0.00 43.00  0.00 44.00  0.00 45.00  0.00 126.89 
4  42.00  0.00 43.00  0.00 45.00  0.00 46.00  0.00 62.11 
4  42.00  0.00 43.00  0.00 46.00  0.00 47.00  0.00 34.46 
4  43.00  0.00 44.00  0.00 45.00  0.00 46.00  0.00 103.73 
4  43.00  0.00 44.00  0.00 46.00  0.00 47.00  0.00 59.03 
4  44.00  0.00 45.00  0.00 46.00  0.00 47.00  0.00 118.29 
4  37.00  0.00 38.00  0.00 47.00  0.00 48.00  0.00 20.37 
4  38.00  0.00 39.00  0.00 47.00  0.00 48.00  0.00 21.42 
4  38.00  0.00 39.00  0.00 48.00  0.00 49.00  0.00 24.47 
4  39.00  0.00 40.00  0.00 47.00  0.00 48.00  0.00 22.43 
4  39.00  0.00 40.00  0.00 48.00  0.00 49.00  0.00 18.37 
4  39.00  0.00 40.00  0.00 49.00  0.00 50.00  0.00 26.00 
4  40.00  0.00 41.00  0.00 47.00  0.00 48.00  0.00 16.54 
4  40.00  0.00 41.00  0.00 48.00  0.00 49.00  0.00 16.14 
4  40.00  0.00 41.00  0.00 49.00  0.00 50.00  0.00 27.87 
4  40.00  0.00 41.00  0.00 50.00  0.00 51.00  0.00 27.71 
4  41.00  0.00 42.00  0.00 47.00  0.00 48.00  0.00 20.99 
4  41.00  0.00 42.00  0.00 48.00  0.00 49.00  0.00 16.77 
4  41.00  0.00 42.00  0.00 49.00  0.00 50.00  0.00 28.57 
4  41.00  0.00 42.00  0.00 50.00  0.00 51.00  0.00 14.17 
4  41.00  0.00 42.00  0.00 51.00  0.00 52.00  0.00 27.29 
4  42.00  0.00 43.00  0.00 47.00  0.00 48.00  0.00 25.15 
4  42.00  0.00 43.00  0.00 48.00  0.00 49.00  0.00 23.60 
4  42.00  0.00 43.00  0.00 49.00  0.00 50.00  0.00 20.06 
4  42.00  0.00 43.00  0.00 50.00  0.00 51.00  0.00 12.42 
4  42.00  0.00 43.00  0.00 51.00  0.00 52.00  0.00 20.35 
4  42.00  0.00 43.00  0.00 52.00  0.00 53.00  0.00 13.27 
4  43.00  0.00 44.00  0.00 47.00  0.00 48.00  0.00 38.08 
4  43.00  0.00 44.00  0.00 48.00  0.00 49.00  0.00 26.49 
4  43.00  0.00 44.00  0.00 49.00  0.00 50.00  0.00 21.62 
4  43.00  0.00 44.00  0.00 50.00  0.00 51.00  0.00 10.54 
4  43.00  0.00 44.00  0.00 51.00  0.00 52.00  0.00 21.35 
4  43.00  0.00 44.00  0.00 52.00  0.00 53.00  0.00 17.02 
4  43.00  0.00 44.00  0.00 53.00  0.00 54.00  0.00 32.46 
4  44.00  0.00 45.00  0.00 47.00  0.00 48.00  0.00 77.15 
4  44.00  0.00 45.00  0.00 48.00  0.00 49.00  0.00 45.95 
4  44.00  0.00 45.00  0.00 49.00  0.00 50.00  0.00 28.51 
4  44.00  0.00 45.00  0.00 50.00  0.00 51.00  0.00 17.45 
4  44.00  0.00 45.00  0.00 51.00  0.00 52.00  0.00 10.01 
4  44.00  0.00 45.00  0.00 52.00  0.00 53.00  0.00 30.21 
4  44.00  0.00 45.00  0.00 53.00  0.00 54.00  0.00 29.19 
4  44.00  0.00 45.00  0.00 54.00  0.00 55.00  0.00 24.74 
4  45.00  0.00 46.00  0.00 47.00  0.00 48.00  0.00 149.03 
4  45.00  0.00 46.00  0.00 48.00  0.00 49.00  0.00 94.32 
4  45.00  0.00 46.00  0.00 49.00  0.00 50.00  0.00 51.57 
4  45.00  0.00 46.00  0.00 50.00  0.00 51.00  0.00 26.70 
4  45.00  0.00 46.00  0.00 51.00  0.00 52.00  0.00 17.15 
4  45.00  0.00 46.00  0.00 52.00  0.00 53.00  0.00 22.15 
4  45.00  0.00 46.00  0.00 53.00  0.00 54.00  0.00 14.74 
4  45.00  0.00 46.00  0.00 54.00  0.00 55.00  0.00 28.27 
4  45.00  0.00 46.00  0.00 55.00  0.00 56.00  0.00 27.18 
4  46.00  0.00 47.00  0.00 48.00  0.00 49.00  0.00 145.89 
4  46.00  0.00 47.00  0.00 49.00  0.00 50.00  0.00 91.39 
4  46.00  0.00 47.00  0.00 50.00  0.00 51.00  0.00 46.98 
4  46.00  0.00 47.00  0.00 51.00  0.00 52.00  0.00 26.88 
4  46.00  0.00 47.00  0.00 52.00  0.00 53.00  0.00 22.48 
4  46.00  0.00 47.00  0.00 53.00  0.00 54.00  0.00 18.05 
4  46.00  0.00 47.00  0.00 54.00  0.00 55.00  0.00 23.77 
4  46.00  0.00 47.00  0.00 55.00  0.00 56.00  0.00 21.62 
4  46.00  0.00 47.00  0.00 56.00  0.00 57.00  0.00 34.38 
4  47.00  0.00 48.00  0.00 49.00  0.00 50.00  0.00 152.05 
4  47.00  0.00 48.00  0.00 50.00  0.00 51.00  0.00 89.84 
4  47.00  0.00 48.00  0.00 51.00  0.00 52.00  0.00 46.01 
4  47.00  0.00 48.00  0.00 52.00  0.00 53.00  0.00 30.90 
4  47.00  0.00 48.00  0.00 53.00  0.00 54.00  0.00 24.91 
4  47.00  0.00 48.00  0.00 54.00  0.00 55.00  0.00 20.58 
4  47.00  0.00 48.00  0.00 55.00  0.00 56.00  0.00 27.73 
4  47.00  0.00 48.00  0.00 56.00  0.00 57.00  0.00 20.84 
4  47.00  0.00 48.00  0.00 57.00  0.00 58.00  0.00 37.16 
4  48.00  0.00 49.00  0.00 50.00  0.00 51.00  0.00 137.33 
4  48.00  0.00 49.00  0.00 51.00  0.00 52.00  0.00 82.37 
4  48.00  0.00 49.00  0.00 52.00  0.00 53.00  0.00 49.22 
4  48.00  0.00 49.00  0.00 53.00  0.00 54.00  0.00 30.20 
4  48.00  0.00 49.00  0.00 54.00  0.00 55.00  0.00 26.97 
4  48.00  0.00 49.00  0.00 55.00  0.00 56.00  0.00 24.73 
4  48.00  0.00 49.00  0.00 56.00  0.00 57.00  0.00 29.09 
4  48.00  0.00 49.00  0.00 57.00  0.00 58.00  0.00 23.51 
4  48.00  0.00 49.00  0.00 58.00  0.00 59.00  0.00 33.60 
4  49.00  0.00 50.00  0.00 51.00  0.00 52.00  0.00 120.19 
4  49.00  0.00 50.00  0.00 52.00  0.00 53.00  0.00 84.87 
4  49.00  0.00 50.00  0.00 53.00  0.00 54.00  0.00 48.72 
4  49.00  0.00 50.00  0.00 54.00  0.00 55.00  0.00 31.14 
4  49.00  0.00 50.00  0.00 55.00  0.00 56.00  0.00 30.02 
4  49.00  0.00 50.00  0.00 56.00  0.00 57.00  0.00 30.63 
4  49.00  0.00 50.00  0.00 57.00  0.00 58.00  0.00 33.93 
4  49.00  0.00 50.00  0.00 58.00  0.00 59.00  0.00 30.50 
4  50.00  0.00 51.00  0.00 52.00  0.00 53.00  0.00 130.44 
4  50.00  0.00 51.00  0.00 53.00  0.00 54.00  0.00 85.00 
4  50.00  0.00 51.00  0.00 54.00  0.00 55.00  0.00 50.09 
4  50.00  0.00 51.00  0.00 55.00  0.00 56.00  0.00 35.61 
4  50.00  0.00 51.00  0.00 56.00  0.00 57.00  0.00 33.11 
4  50.00  0.00 51.00  0.00 57.00  0.00 58.00  0.00 31.16 
4  50.00  0.00 51.00  0.00 58.00  0.00 59.00  0.00 37.73 
4  51.00  0.00 52.00  0.00 53.00  0.00 54.00  0.00 120.08 
4  51.00  0.00 52.00  0.00 54.00  0.00 55.00  0.00 76.92 
4  51.00  0.00 52.00  0.00 55.00  0.00 56.00  0.00 53.14 
4  51.00  0.00 52.00  0.00 56.00  0.00 57.00  0.00 35.72 
4  51.00  0.00 52.00  0.00 57.00  0.00 58.00  0.00 33.10 
4  51.00  0.00 52.00  0.00 58.00  0.00 59.00  0.00 39.06 
4  52.00  0.00 53.00  0.00 54.00  0.00 55.00  0.00 114.42 
4  52.00  0.00 53.00  0.00 55.00  0.00 56.00  0.00 85.69 
4  52.00  0.00 53.00  0.00 56.00  0.00 57.00  0.00 50.71 
4  52.00  0.00 53.00  0.00 57.00  0.00 58.00  0.00 35.65 
4  52.00  0.00 53.00  0.00 58.00  0.00 59.00  0.00 37.14 
4  53.00  0.00 54.00  0.00 55.00  0.00 56.00  0.00 116.56 
4  53.00  0.00 54.00  0.00 56.00  0.00 57.00  0.00 72.66 
4  53.00  0.00 54.00  0.00 57.00  0.00 58.00  0.00 44.52 
4  53.00  0.00 54.00  0.00 58.00  0.00 59.00  0.00 34.22 
4  54.00  0.00 55.00  0.00 56.00  0.00 57.00  0.00 119.53 
4  54.00  0.00 55.00  0.00 57.00  0.00 58.00  0.00 70.49 
4  54.00  0.00 55.00  0.00 58.00  0.00 59.00  0.00 46.75 
4  55.00  0.00 56.00  0.00 57.00  0.00 58.00  0.00 119.57 
4  55.00  0.00 56.00  0.00 58.00  0.00 59.00  0.00 73.90 
4  56.00  0.00 57.00  0.00 58.00  0.00 59.00  0.00 123.62 
4  61.00  0.00 62.00  0.00 71.00  0.00 72.00  0.00 33.12 
4  62.00  0.00 63.00  0.00 71.00  0.00 72.00  0.00 42.88 
4  62.00  0.00 63.00  0.00 72.00  0.00 73.00  0.00 34.25 
4  63.00  0.00 64.00  0.00 71.00  0.00 72.00  0.00 35.94 
4  63.00  0.00 64.00  0.00 72.00  0.00 73.00  0.00 43.66 
4  63.00  0.00 64.00  0.00 73.00  0.00 74.00  0.00 33.54 
4  64.00  0.00 65.00  0.00 71.00  0.00 72.00  0.00 34.82 
4  64.00  0.00 65.00  0.00 72.00  0.00 73.00  0.00 40.62 
0
0
0
0
