My beautiful survey
1.0
11
0
Type of measurement (0=app. resistivity,1=resistance)
1
472
2
0
4 0.00 0.00 1.00 0.00 2.00 0.00 3.00 0.00 -6.38
4 0.00 0.00 1.00 0.00 3.00 0.00 4.00 0.00 -1.01
4 0.00 0.00 1.00 0.00 4.00 0.00 5.00 0.00 -0.34
4 0.00 0.00 1.00 0.00 5.00 0.00 6.00 0.00 -0.14
4 0.00 0.00 1.00 0.00 6.00 0.00 7.00 0.00 -0.06
4 0.00 0.00 1.00 0.00 7.00 0.00 8.00 0.00 -0.05
4 0.00 0.00 1.00 0.00 8.00 0.00 9.00 0.00 -0.05
4 1.00 0.00 2.00 0.00 3.00 0.00 4.00 0.00 -6.37
4 1.00 0.00 2.00 0.00 4.00 0.00 5.00 0.00 -1.09
4 1.00 0.00 2.00 0.00 5.00 0.00 6.00 0.00 -0.32
4 1.00 0.00 2.00 0.00 6.00 0.00 7.00 0.00 -0.13
4 1.00 0.00 2.00 0.00 7.00 0.00 8.00 0.00 -0.08
4 1.00 0.00 2.00 0.00 8.00 0.00 9.00 0.00 -0.05
4 1.00 0.00 2.00 0.00 9.00 0.00 10.00 0.00 -0.03
4 1.00 0.00 2.00 0.00 10.00 0.00 11.00 0.00 -0.03
4 1.00 0.00 2.00 0.00 11.00 0.00 12.00 0.00 -0.02
4 2.00 0.00 3.00 0.00 4.00 0.00 5.00 0.00 -6.23
4 2.00 0.00 3.00 0.00 5.00 0.00 6.00 0.00 -0.93
4 2.00 0.00 3.00 0.00 6.00 0.00 7.00 0.00 -0.29
4 2.00 0.00 3.00 0.00 7.00 0.00 8.00 0.00 -0.14
4 2.00 0.00 3.00 0.00 8.00 0.00 9.00 0.00 -0.08
4 2.00 0.00 3.00 0.00 9.00 0.00 10.00 0.00 -0.06
4 2.00 0.00 3.00 0.00 10.00 0.00 11.00 0.00 -0.03
4 2.00 0.00 3.00 0.00 11.00 0.00 12.00 0.00 -0.03
4 2.00 0.00 3.00 0.00 12.00 0.00 13.00 0.00 -0.03
4 3.00 0.00 4.00 0.00 5.00 0.00 6.00 0.00 -5.48
4 3.00 0.00 4.00 0.00 6.00 0.00 7.00 0.00 -0.89
4 3.00 0.00 4.00 0.00 7.00 0.00 8.00 0.00 -0.32
4 3.00 0.00 4.00 0.00 8.00 0.00 9.00 0.00 -0.13
4 3.00 0.00 4.00 0.00 9.00 0.00 10.00 0.00 -0.07
4 3.00 0.00 4.00 0.00 10.00 0.00 11.00 0.00 -0.05
4 3.00 0.00 4.00 0.00 11.00 0.00 12.00 0.00 -0.03
4 3.00 0.00 4.00 0.00 12.00 0.00 13.00 0.00 -0.02
4 3.00 0.00 4.00 0.00 13.00 0.00 14.00 0.00 -0.01
4 4.00 0.00 5.00 0.00 6.00 0.00 7.00 0.00 -5.43
4 4.00 0.00 5.00 0.00 7.00 0.00 8.00 0.00 -1.10
4 4.00 0.00 5.00 0.00 8.00 0.00 9.00 0.00 -0.31
4 4.00 0.00 5.00 0.00 9.00 0.00 10.00 0.00 -0.15
4 4.00 0.00 5.00 0.00 10.00 0.00 11.00 0.00 -0.08
4 4.00 0.00 5.00 0.00 11.00 0.00 12.00 0.00 -0.05
4 4.00 0.00 5.00 0.00 12.00 0.00 13.00 0.00 -0.04
4 4.00 0.00 5.00 0.00 13.00 0.00 14.00 0.00 -0.03
4 4.00 0.00 5.00 0.00 14.00 0.00 15.00 0.00 -0.01
4 5.00 0.00 6.00 0.00 7.00 0.00 8.00 0.00 -6.47
4 5.00 0.00 6.00 0.00 8.00 0.00 9.00 0.00 -1.02
4 5.00 0.00 6.00 0.00 9.00 0.00 10.00 0.00 -0.30
4 5.00 0.00 6.00 0.00 10.00 0.00 11.00 0.00 -0.14
4 5.00 0.00 6.00 0.00 11.00 0.00 12.00 0.00 -0.07
4 5.00 0.00 6.00 0.00 12.00 0.00 13.00 0.00 -0.05
4 5.00 0.00 6.00 0.00 13.00 0.00 14.00 0.00 -0.03
4 5.00 0.00 6.00 0.00 14.00 0.00 15.00 0.00 -0.03
4 5.00 0.00 6.00 0.00 15.00 0.00 16.00 0.00 -0.02
4 6.00 0.00 7.00 0.00 8.00 0.00 9.00 0.00 -6.03
4 6.00 0.00 7.00 0.00 9.00 0.00 10.00 0.00 -1.02
4 6.00 0.00 7.00 0.00 10.00 0.00 11.00 0.00 -0.27
4 6.00 0.00 7.00 0.00 11.00 0.00 12.00 0.00 -0.12
4 6.00 0.00 7.00 0.00 12.00 0.00 13.00 0.00 -0.07
4 6.00 0.00 7.00 0.00 13.00 0.00 14.00 0.00 -0.04
4 6.00 0.00 7.00 0.00 14.00 0.00 15.00 0.00 -0.03
4 6.00 0.00 7.00 0.00 15.00 0.00 16.00 0.00 -0.02
4 6.00 0.00 7.00 0.00 16.00 0.00 17.00 0.00 -0.02
4 7.00 0.00 8.00 0.00 9.00 0.00 10.00 0.00 -6.77
4 7.00 0.00 8.00 0.00 10.00 0.00 11.00 0.00 -0.96
4 7.00 0.00 8.00 0.00 11.00 0.00 12.00 0.00 -0.26
4 7.00 0.00 8.00 0.00 12.00 0.00 13.00 0.00 -0.12
4 7.00 0.00 8.00 0.00 13.00 0.00 14.00 0.00 -0.07
4 7.00 0.00 8.00 0.00 14.00 0.00 15.00 0.00 -0.05
4 7.00 0.00 8.00 0.00 15.00 0.00 16.00 0.00 -0.03
4 7.00 0.00 8.00 0.00 16.00 0.00 17.00 0.00 -0.03
4 7.00 0.00 8.00 0.00 17.00 0.00 18.00 0.00 -0.02
4 8.00 0.00 9.00 0.00 10.00 0.00 11.00 0.00 -5.97
4 8.00 0.00 9.00 0.00 11.00 0.00 12.00 0.00 -0.83
4 8.00 0.00 9.00 0.00 12.00 0.00 13.00 0.00 -0.25
4 8.00 0.00 9.00 0.00 13.00 0.00 14.00 0.00 -0.12
4 8.00 0.00 9.00 0.00 14.00 0.00 15.00 0.00 -0.07
4 8.00 0.00 9.00 0.00 15.00 0.00 16.00 0.00 -0.05
4 8.00 0.00 9.00 0.00 16.00 0.00 17.00 0.00 -0.03
4 8.00 0.00 9.00 0.00 17.00 0.00 18.00 0.00 -0.03
4 8.00 0.00 9.00 0.00 18.00 0.00 19.00 0.00 -0.02
4 9.00 0.00 10.00 0.00 11.00 0.00 12.00 0.00 -5.55
4 9.00 0.00 10.00 0.00 12.00 0.00 13.00 0.00 -0.80
4 9.00 0.00 10.00 0.00 13.00 0.00 14.00 0.00 -0.27
4 9.00 0.00 10.00 0.00 14.00 0.00 15.00 0.00 -0.13
4 9.00 0.00 10.00 0.00 15.00 0.00 16.00 0.00 -0.08
4 9.00 0.00 10.00 0.00 16.00 0.00 17.00 0.00 -0.06
4 9.00 0.00 10.00 0.00 17.00 0.00 18.00 0.00 -0.04
4 9.00 0.00 10.00 0.00 18.00 0.00 19.00 0.00 -0.03
4 9.00 0.00 10.00 0.00 19.00 0.00 20.00 0.00 -0.02
4 10.00 0.00 11.00 0.00 12.00 0.00 13.00 0.00 -4.34
4 10.00 0.00 11.00 0.00 13.00 0.00 14.00 0.00 -0.75
4 10.00 0.00 11.00 0.00 14.00 0.00 15.00 0.00 -0.26
4 10.00 0.00 11.00 0.00 15.00 0.00 16.00 0.00 -0.13
4 10.00 0.00 11.00 0.00 16.00 0.00 17.00 0.00 -0.08
4 10.00 0.00 11.00 0.00 17.00 0.00 18.00 0.00 -0.06
4 10.00 0.00 11.00 0.00 18.00 0.00 19.00 0.00 -0.04
4 10.00 0.00 11.00 0.00 19.00 0.00 20.00 0.00 -0.03
4 10.00 0.00 11.00 0.00 20.00 0.00 21.00 0.00 -0.02
4 11.00 0.00 12.00 0.00 13.00 0.00 14.00 0.00 -4.02
4 11.00 0.00 12.00 0.00 14.00 0.00 15.00 0.00 -0.70
4 11.00 0.00 12.00 0.00 15.00 0.00 16.00 0.00 -0.25
4 11.00 0.00 12.00 0.00 16.00 0.00 17.00 0.00 -0.14
4 11.00 0.00 12.00 0.00 17.00 0.00 18.00 0.00 -0.08
4 11.00 0.00 12.00 0.00 18.00 0.00 19.00 0.00 -0.06
4 11.00 0.00 12.00 0.00 19.00 0.00 20.00 0.00 -0.03
4 11.00 0.00 12.00 0.00 20.00 0.00 21.00 0.00 -0.03
4 11.00 0.00 12.00 0.00 21.00 0.00 22.00 0.00 -0.02
4 12.00 0.00 13.00 0.00 14.00 0.00 15.00 0.00 -3.99
4 12.00 0.00 13.00 0.00 15.00 0.00 16.00 0.00 -0.68
4 12.00 0.00 13.00 0.00 16.00 0.00 17.00 0.00 -0.26
4 12.00 0.00 13.00 0.00 17.00 0.00 18.00 0.00 -0.13
4 12.00 0.00 13.00 0.00 18.00 0.00 19.00 0.00 -0.08
4 12.00 0.00 13.00 0.00 19.00 0.00 20.00 0.00 -0.05
4 12.00 0.00 13.00 0.00 20.00 0.00 21.00 0.00 -0.03
4 12.00 0.00 13.00 0.00 21.00 0.00 22.00 0.00 -0.02
4 12.00 0.00 13.00 0.00 22.00 0.00 23.00 0.00 -0.02
4 13.00 0.00 14.00 0.00 15.00 0.00 16.00 0.00 -4.14
4 13.00 0.00 14.00 0.00 16.00 0.00 17.00 0.00 -0.74
4 13.00 0.00 14.00 0.00 17.00 0.00 18.00 0.00 -0.26
4 13.00 0.00 14.00 0.00 18.00 0.00 19.00 0.00 -0.14
4 13.00 0.00 14.00 0.00 19.00 0.00 20.00 0.00 -0.08
4 13.00 0.00 14.00 0.00 20.00 0.00 21.00 0.00 -0.05
4 13.00 0.00 14.00 0.00 21.00 0.00 22.00 0.00 -0.03
4 13.00 0.00 14.00 0.00 22.00 0.00 23.00 0.00 -0.02
4 14.00 0.00 15.00 0.00 16.00 0.00 17.00 0.00 -4.36
4 14.00 0.00 15.00 0.00 17.00 0.00 18.00 0.00 -0.68
4 14.00 0.00 15.00 0.00 18.00 0.00 19.00 0.00 -0.26
4 14.00 0.00 15.00 0.00 19.00 0.00 20.00 0.00 -0.13
4 14.00 0.00 15.00 0.00 20.00 0.00 21.00 0.00 -0.07
4 14.00 0.00 15.00 0.00 21.00 0.00 22.00 0.00 -0.04
4 14.00 0.00 15.00 0.00 22.00 0.00 23.00 0.00 -0.03
4 15.00 0.00 16.00 0.00 17.00 0.00 18.00 0.00 -3.83
4 15.00 0.00 16.00 0.00 18.00 0.00 19.00 0.00 -0.70
4 15.00 0.00 16.00 0.00 19.00 0.00 20.00 0.00 -0.25
4 15.00 0.00 16.00 0.00 20.00 0.00 21.00 0.00 -0.12
4 15.00 0.00 16.00 0.00 21.00 0.00 22.00 0.00 -0.06
4 15.00 0.00 16.00 0.00 22.00 0.00 23.00 0.00 -0.04
4 16.00 0.00 17.00 0.00 18.00 0.00 19.00 0.00 -4.66
4 16.00 0.00 17.00 0.00 19.00 0.00 20.00 0.00 -0.79
4 16.00 0.00 17.00 0.00 20.00 0.00 21.00 0.00 -0.27
4 16.00 0.00 17.00 0.00 21.00 0.00 22.00 0.00 -0.11
4 16.00 0.00 17.00 0.00 22.00 0.00 23.00 0.00 -0.07
4 17.00 0.00 18.00 0.00 19.00 0.00 20.00 0.00 -4.31
4 17.00 0.00 18.00 0.00 20.00 0.00 21.00 0.00 -0.74
4 17.00 0.00 18.00 0.00 21.00 0.00 22.00 0.00 -0.22
4 17.00 0.00 18.00 0.00 22.00 0.00 23.00 0.00 -0.12
4 18.00 0.00 19.00 0.00 20.00 0.00 21.00 0.00 -4.30
4 18.00 0.00 19.00 0.00 21.00 0.00 22.00 0.00 -0.64
4 18.00 0.00 19.00 0.00 22.00 0.00 23.00 0.00 -0.24
4 19.00 0.00 20.00 0.00 21.00 0.00 22.00 0.00 -3.60
4 19.00 0.00 20.00 0.00 22.00 0.00 23.00 0.00 -0.64
4 20.00 0.00 21.00 0.00 22.00 0.00 23.00 0.00 -3.82
4 13.00 0.00 14.00 0.00 23.00 0.00 24.00 0.00 -0.01
4 14.00 0.00 15.00 0.00 23.00 0.00 24.00 0.00 -0.02
4 14.00 0.00 15.00 0.00 24.00 0.00 25.00 0.00 -0.01
4 15.00 0.00 16.00 0.00 23.00 0.00 24.00 0.00 -0.03
4 15.00 0.00 16.00 0.00 24.00 0.00 25.00 0.00 -0.02
4 15.00 0.00 16.00 0.00 25.00 0.00 26.00 0.00 -0.01
4 16.00 0.00 17.00 0.00 23.00 0.00 24.00 0.00 -0.04
4 16.00 0.00 17.00 0.00 24.00 0.00 25.00 0.00 -0.03
4 16.00 0.00 17.00 0.00 25.00 0.00 26.00 0.00 -0.02
4 16.00 0.00 17.00 0.00 26.00 0.00 27.00 0.00 -0.02
4 17.00 0.00 18.00 0.00 23.00 0.00 24.00 0.00 -0.06
4 17.00 0.00 18.00 0.00 24.00 0.00 25.00 0.00 -0.04
4 17.00 0.00 18.00 0.00 25.00 0.00 26.00 0.00 -0.03
4 17.00 0.00 18.00 0.00 26.00 0.00 27.00 0.00 -0.02
4 17.00 0.00 18.00 0.00 27.00 0.00 28.00 0.00 -0.01
4 18.00 0.00 19.00 0.00 23.00 0.00 24.00 0.00 -0.10
4 18.00 0.00 19.00 0.00 24.00 0.00 25.00 0.00 -0.06
4 18.00 0.00 19.00 0.00 25.00 0.00 26.00 0.00 -0.04
4 18.00 0.00 19.00 0.00 26.00 0.00 27.00 0.00 -0.03
4 18.00 0.00 19.00 0.00 27.00 0.00 28.00 0.00 -0.03
4 18.00 0.00 19.00 0.00 28.00 0.00 29.00 0.00 -0.00
4 19.00 0.00 20.00 0.00 23.00 0.00 24.00 0.00 -0.19
4 19.00 0.00 20.00 0.00 24.00 0.00 25.00 0.00 -0.10
4 19.00 0.00 20.00 0.00 25.00 0.00 26.00 0.00 -0.05
4 19.00 0.00 20.00 0.00 26.00 0.00 27.00 0.00 -0.03
4 19.00 0.00 20.00 0.00 27.00 0.00 28.00 0.00 -0.03
4 19.00 0.00 20.00 0.00 28.00 0.00 29.00 0.00 -0.01
4 19.00 0.00 20.00 0.00 29.00 0.00 30.00 0.00 -0.01
4 20.00 0.00 21.00 0.00 23.00 0.00 24.00 0.00 -0.54
4 20.00 0.00 21.00 0.00 24.00 0.00 25.00 0.00 -0.18
4 20.00 0.00 21.00 0.00 25.00 0.00 26.00 0.00 -0.09
4 20.00 0.00 21.00 0.00 26.00 0.00 27.00 0.00 -0.05
4 20.00 0.00 21.00 0.00 27.00 0.00 28.00 0.00 -0.03
4 20.00 0.00 21.00 0.00 28.00 0.00 29.00 0.00 -0.02
4 20.00 0.00 21.00 0.00 29.00 0.00 30.00 0.00 -0.02
4 20.00 0.00 21.00 0.00 30.00 0.00 31.00 0.00 -0.01
4 21.00 0.00 22.00 0.00 23.00 0.00 24.00 0.00 -3.18
4 21.00 0.00 22.00 0.00 24.00 0.00 25.00 0.00 -0.47
4 21.00 0.00 22.00 0.00 25.00 0.00 26.00 0.00 -0.16
4 21.00 0.00 22.00 0.00 26.00 0.00 27.00 0.00 -0.08
4 21.00 0.00 22.00 0.00 27.00 0.00 28.00 0.00 -0.05
4 21.00 0.00 22.00 0.00 28.00 0.00 29.00 0.00 -0.03
4 21.00 0.00 22.00 0.00 29.00 0.00 30.00 0.00 -0.02
4 21.00 0.00 22.00 0.00 30.00 0.00 31.00 0.00 -0.02
4 21.00 0.00 22.00 0.00 31.00 0.00 32.00 0.00 -0.01
4 22.00 0.00 23.00 0.00 24.00 0.00 25.00 0.00 -3.59
4 22.00 0.00 23.00 0.00 25.00 0.00 26.00 0.00 -0.56
4 22.00 0.00 23.00 0.00 26.00 0.00 27.00 0.00 -0.17
4 22.00 0.00 23.00 0.00 27.00 0.00 28.00 0.00 -0.07
4 22.00 0.00 23.00 0.00 28.00 0.00 29.00 0.00 -0.04
4 22.00 0.00 23.00 0.00 29.00 0.00 30.00 0.00 -0.03
4 22.00 0.00 23.00 0.00 30.00 0.00 31.00 0.00 -0.02
4 22.00 0.00 23.00 0.00 31.00 0.00 32.00 0.00 -0.01
4 22.00 0.00 23.00 0.00 32.00 0.00 33.00 0.00 -0.01
4 23.00 0.00 24.00 0.00 25.00 0.00 26.00 0.00 -4.28
4 23.00 0.00 24.00 0.00 26.00 0.00 27.00 0.00 -0.56
4 23.00 0.00 24.00 0.00 27.00 0.00 28.00 0.00 -0.27
4 23.00 0.00 24.00 0.00 28.00 0.00 29.00 0.00 -0.07
4 23.00 0.00 24.00 0.00 29.00 0.00 30.00 0.00 -0.02
4 23.00 0.00 24.00 0.00 30.00 0.00 31.00 0.00 -0.04
4 23.00 0.00 24.00 0.00 31.00 0.00 32.00 0.00 -0.02
4 23.00 0.00 24.00 0.00 32.00 0.00 33.00 0.00 -0.02
4 24.00 0.00 25.00 0.00 26.00 0.00 27.00 0.00 -4.49
4 24.00 0.00 25.00 0.00 27.00 0.00 28.00 0.00 -0.45
4 24.00 0.00 25.00 0.00 28.00 0.00 29.00 0.00 -0.13
4 24.00 0.00 25.00 0.00 29.00 0.00 30.00 0.00 -0.07
4 24.00 0.00 25.00 0.00 30.00 0.00 31.00 0.00 -0.02
4 24.00 0.00 25.00 0.00 31.00 0.00 32.00 0.00 -0.02
4 24.00 0.00 25.00 0.00 32.00 0.00 33.00 0.00 -0.06
4 25.00 0.00 26.00 0.00 27.00 0.00 28.00 0.00 -5.88
4 25.00 0.00 26.00 0.00 28.00 0.00 29.00 0.00 -0.49
4 25.00 0.00 26.00 0.00 29.00 0.00 30.00 0.00 -0.12
4 25.00 0.00 26.00 0.00 30.00 0.00 31.00 0.00 -0.05
4 25.00 0.00 26.00 0.00 31.00 0.00 32.00 0.00 -0.04
4 25.00 0.00 26.00 0.00 32.00 0.00 33.00 0.00 -0.01
4 25.00 0.00 26.00 0.00 33.00 0.00 34.00 0.00 -0.01
4 25.00 0.00 26.00 0.00 34.00 0.00 35.00 0.00 -0.02
4 26.00 0.00 27.00 0.00 28.00 0.00 29.00 0.00 -5.00
4 26.00 0.00 27.00 0.00 29.00 0.00 30.00 0.00 -0.50
4 26.00 0.00 27.00 0.00 30.00 0.00 31.00 0.00 -0.12
4 26.00 0.00 27.00 0.00 31.00 0.00 32.00 0.00 -0.05
4 26.00 0.00 27.00 0.00 32.00 0.00 33.00 0.00 -0.04
4 26.00 0.00 27.00 0.00 33.00 0.00 34.00 0.00 -0.03
4 26.00 0.00 27.00 0.00 34.00 0.00 35.00 0.00 -0.01
4 27.00 0.00 28.00 0.00 29.00 0.00 30.00 0.00 -4.54
4 27.00 0.00 28.00 0.00 30.00 0.00 31.00 0.00 -0.52
4 27.00 0.00 28.00 0.00 31.00 0.00 32.00 0.00 -0.11
4 27.00 0.00 28.00 0.00 32.00 0.00 33.00 0.00 -0.04
4 27.00 0.00 28.00 0.00 33.00 0.00 34.00 0.00 -0.03
4 27.00 0.00 28.00 0.00 34.00 0.00 35.00 0.00 -0.02
4 28.00 0.00 29.00 0.00 30.00 0.00 31.00 0.00 -4.62
4 28.00 0.00 29.00 0.00 31.00 0.00 32.00 0.00 -0.51
4 28.00 0.00 29.00 0.00 32.00 0.00 33.00 0.00 -0.11
4 28.00 0.00 29.00 0.00 33.00 0.00 34.00 0.00 -0.05
4 28.00 0.00 29.00 0.00 34.00 0.00 35.00 0.00 -0.03
4 29.00 0.00 30.00 0.00 31.00 0.00 32.00 0.00 -4.50
4 29.00 0.00 30.00 0.00 32.00 0.00 33.00 0.00 -0.50
4 29.00 0.00 30.00 0.00 33.00 0.00 34.00 0.00 -0.09
4 29.00 0.00 30.00 0.00 34.00 0.00 35.00 0.00 -0.06
4 30.00 0.00 31.00 0.00 32.00 0.00 33.00 0.00 -4.71
4 30.00 0.00 31.00 0.00 33.00 0.00 34.00 0.00 -0.50
4 30.00 0.00 31.00 0.00 34.00 0.00 35.00 0.00 -0.12
4 31.00 0.00 32.00 0.00 33.00 0.00 34.00 0.00 -4.94
4 31.00 0.00 32.00 0.00 34.00 0.00 35.00 0.00 -0.62
4 32.00 0.00 33.00 0.00 34.00 0.00 35.00 0.00 -6.62
4 25.00 0.00 26.00 0.00 35.00 0.00 36.00 0.00 -0.00
4 26.00 0.00 27.00 0.00 35.00 0.00 36.00 0.00 -0.01
4 26.00 0.00 27.00 0.00 36.00 0.00 37.00 0.00 -0.01
4 27.00 0.00 28.00 0.00 35.00 0.00 36.00 0.00 -0.01
4 27.00 0.00 28.00 0.00 36.00 0.00 37.00 0.00 -0.01
4 27.00 0.00 28.00 0.00 37.00 0.00 38.00 0.00 -0.01
4 28.00 0.00 29.00 0.00 35.00 0.00 36.00 0.00 -0.02
4 28.00 0.00 29.00 0.00 36.00 0.00 37.00 0.00 -0.01
4 28.00 0.00 29.00 0.00 37.00 0.00 38.00 0.00 -0.01
4 28.00 0.00 29.00 0.00 38.00 0.00 39.00 0.00 -0.01
4 29.00 0.00 30.00 0.00 35.00 0.00 36.00 0.00 -0.03
4 29.00 0.00 30.00 0.00 36.00 0.00 37.00 0.00 -0.01
4 29.00 0.00 30.00 0.00 37.00 0.00 38.00 0.00 -0.01
4 29.00 0.00 30.00 0.00 38.00 0.00 39.00 0.00 -0.01
4 29.00 0.00 30.00 0.00 39.00 0.00 40.00 0.00 -0.01
4 30.00 0.00 31.00 0.00 35.00 0.00 36.00 0.00 -0.04
4 30.00 0.00 31.00 0.00 36.00 0.00 37.00 0.00 -0.02
4 30.00 0.00 31.00 0.00 37.00 0.00 38.00 0.00 -0.01
4 30.00 0.00 31.00 0.00 38.00 0.00 39.00 0.00 -0.01
4 30.00 0.00 31.00 0.00 39.00 0.00 40.00 0.00 -0.01
4 30.00 0.00 31.00 0.00 40.00 0.00 41.00 0.00 -0.01
4 31.00 0.00 32.00 0.00 35.00 0.00 36.00 0.00 -0.12
4 31.00 0.00 32.00 0.00 36.00 0.00 37.00 0.00 -0.04
4 31.00 0.00 32.00 0.00 37.00 0.00 38.00 0.00 -0.02
4 31.00 0.00 32.00 0.00 38.00 0.00 39.00 0.00 -0.02
4 31.00 0.00 32.00 0.00 39.00 0.00 40.00 0.00 -0.01
4 31.00 0.00 32.00 0.00 40.00 0.00 41.00 0.00 -0.01
4 31.00 0.00 32.00 0.00 41.00 0.00 42.00 0.00 -0.00
4 32.00 0.00 33.00 0.00 35.00 0.00 36.00 0.00 -0.66
4 32.00 0.00 33.00 0.00 36.00 0.00 37.00 0.00 -0.12
4 32.00 0.00 33.00 0.00 37.00 0.00 38.00 0.00 -0.05
4 32.00 0.00 33.00 0.00 38.00 0.00 39.00 0.00 -0.03
4 32.00 0.00 33.00 0.00 39.00 0.00 40.00 0.00 -0.02
4 32.00 0.00 33.00 0.00 40.00 0.00 41.00 0.00 -0.02
4 32.00 0.00 33.00 0.00 41.00 0.00 42.00 0.00 -0.01
4 32.00 0.00 33.00 0.00 42.00 0.00 43.00 0.00 -0.01
4 33.00 0.00 34.00 0.00 35.00 0.00 36.00 0.00 -5.21
4 33.00 0.00 34.00 0.00 36.00 0.00 37.00 0.00 -0.52
4 33.00 0.00 34.00 0.00 37.00 0.00 38.00 0.00 -0.11
4 33.00 0.00 34.00 0.00 38.00 0.00 39.00 0.00 -0.05
4 33.00 0.00 34.00 0.00 39.00 0.00 40.00 0.00 -0.02
4 33.00 0.00 34.00 0.00 40.00 0.00 41.00 0.00 -0.01
4 33.00 0.00 34.00 0.00 41.00 0.00 42.00 0.00 -0.02
4 33.00 0.00 34.00 0.00 42.00 0.00 43.00 0.00 -0.01
4 33.00 0.00 34.00 0.00 43.00 0.00 44.00 0.00 -0.01
4 34.00 0.00 35.00 0.00 36.00 0.00 37.00 0.00 -4.69
4 34.00 0.00 35.00 0.00 37.00 0.00 38.00 0.00 -0.56
4 34.00 0.00 35.00 0.00 38.00 0.00 39.00 0.00 -0.13
4 34.00 0.00 35.00 0.00 39.00 0.00 40.00 0.00 -0.04
4 34.00 0.00 35.00 0.00 40.00 0.00 41.00 0.00 -0.02
4 34.00 0.00 35.00 0.00 41.00 0.00 42.00 0.00 -0.02
4 34.00 0.00 35.00 0.00 42.00 0.00 43.00 0.00 -0.01
4 34.00 0.00 35.00 0.00 43.00 0.00 44.00 0.00 -0.01
4 34.00 0.00 35.00 0.00 44.00 0.00 45.00 0.00 -0.01
4 35.00 0.00 36.00 0.00 37.00 0.00 38.00 0.00 -5.33
4 35.00 0.00 36.00 0.00 38.00 0.00 39.00 0.00 -0.73
4 35.00 0.00 36.00 0.00 39.00 0.00 40.00 0.00 -0.11
4 35.00 0.00 36.00 0.00 40.00 0.00 41.00 0.00 -0.22
4 35.00 0.00 36.00 0.00 41.00 0.00 42.00 0.00 -0.02
4 35.00 0.00 36.00 0.00 42.00 0.00 43.00 0.00 -0.02
4 35.00 0.00 36.00 0.00 43.00 0.00 44.00 0.00 -0.01
4 35.00 0.00 36.00 0.00 44.00 0.00 45.00 0.00 -0.01
4 35.00 0.00 36.00 0.00 45.00 0.00 46.00 0.00 -0.01
4 36.00 0.00 37.00 0.00 38.00 0.00 39.00 0.00 -6.12
4 36.00 0.00 37.00 0.00 39.00 0.00 40.00 0.00 -0.54
4 36.00 0.00 37.00 0.00 40.00 0.00 41.00 0.00 -0.10
4 36.00 0.00 37.00 0.00 41.00 0.00 42.00 0.00 -0.04
4 36.00 0.00 37.00 0.00 42.00 0.00 43.00 0.00 -0.02
4 36.00 0.00 37.00 0.00 43.00 0.00 44.00 0.00 -0.01
4 36.00 0.00 37.00 0.00 44.00 0.00 45.00 0.00 -0.01
4 36.00 0.00 37.00 0.00 45.00 0.00 46.00 0.00 -0.01
4 36.00 0.00 37.00 0.00 46.00 0.00 47.00 0.00 -0.01
4 37.00 0.00 38.00 0.00 39.00 0.00 40.00 0.00 -4.48
4 37.00 0.00 38.00 0.00 40.00 0.00 41.00 0.00 -0.55
4 37.00 0.00 38.00 0.00 41.00 0.00 42.00 0.00 -0.11
4 37.00 0.00 38.00 0.00 42.00 0.00 43.00 0.00 -0.04
4 37.00 0.00 38.00 0.00 43.00 0.00 44.00 0.00 -0.02
4 37.00 0.00 38.00 0.00 44.00 0.00 45.00 0.00 -0.01
4 37.00 0.00 38.00 0.00 45.00 0.00 46.00 0.00 -0.01
4 37.00 0.00 38.00 0.00 46.00 0.00 47.00 0.00 -0.01
4 38.00 0.00 39.00 0.00 40.00 0.00 41.00 0.00 -5.75
4 38.00 0.00 39.00 0.00 41.00 0.00 42.00 0.00 -0.63
4 38.00 0.00 39.00 0.00 42.00 0.00 43.00 0.00 -0.13
4 38.00 0.00 39.00 0.00 43.00 0.00 44.00 0.00 -0.04
4 38.00 0.00 39.00 0.00 44.00 0.00 45.00 0.00 -0.02
4 38.00 0.00 39.00 0.00 45.00 0.00 46.00 0.00 -0.02
4 38.00 0.00 39.00 0.00 46.00 0.00 47.00 0.00 -0.01
4 39.00 0.00 40.00 0.00 41.00 0.00 42.00 0.00 -4.86
4 39.00 0.00 40.00 0.00 42.00 0.00 43.00 0.00 -0.63
4 39.00 0.00 40.00 0.00 43.00 0.00 44.00 0.00 -0.12
4 39.00 0.00 40.00 0.00 44.00 0.00 45.00 0.00 -0.04
4 39.00 0.00 40.00 0.00 45.00 0.00 46.00 0.00 -0.02
4 39.00 0.00 40.00 0.00 46.00 0.00 47.00 0.00 -0.01
4 40.00 0.00 41.00 0.00 42.00 0.00 43.00 0.00 -5.68
4 40.00 0.00 41.00 0.00 43.00 0.00 44.00 0.00 -0.69
4 40.00 0.00 41.00 0.00 44.00 0.00 45.00 0.00 -0.14
4 40.00 0.00 41.00 0.00 45.00 0.00 46.00 0.00 -0.05
4 40.00 0.00 41.00 0.00 46.00 0.00 47.00 0.00 -0.02
4 41.00 0.00 42.00 0.00 43.00 0.00 44.00 0.00 -5.61
4 41.00 0.00 42.00 0.00 44.00 0.00 45.00 0.00 -0.80
4 41.00 0.00 42.00 0.00 45.00 0.00 46.00 0.00 -0.16
4 41.00 0.00 42.00 0.00 46.00 0.00 47.00 0.00 -0.05
4 42.00 0.00 43.00 0.00 44.00 0.00 45.00 0.00 -6.73
4 42.00 0.00 43.00 0.00 45.00 0.00 46.00 0.00 -0.82
4 42.00 0.00 43.00 0.00 46.00 0.00 47.00 0.00 -0.18
4 43.00 0.00 44.00 0.00 45.00 0.00 46.00 0.00 -5.50
4 43.00 0.00 44.00 0.00 46.00 0.00 47.00 0.00 -0.78
4 44.00 0.00 45.00 0.00 46.00 0.00 47.00 0.00 -6.28
4 37.00 0.00 38.00 0.00 47.00 0.00 48.00 0.00 -0.01
4 38.00 0.00 39.00 0.00 47.00 0.00 48.00 0.00 -0.01
4 38.00 0.00 39.00 0.00 48.00 0.00 49.00 0.00 -0.01
4 39.00 0.00 40.00 0.00 47.00 0.00 48.00 0.00 -0.01
4 39.00 0.00 40.00 0.00 48.00 0.00 49.00 0.00 -0.01
4 39.00 0.00 40.00 0.00 49.00 0.00 50.00 0.00 -0.01
4 40.00 0.00 41.00 0.00 47.00 0.00 48.00 0.00 -0.02
4 40.00 0.00 41.00 0.00 48.00 0.00 49.00 0.00 -0.01
4 40.00 0.00 41.00 0.00 49.00 0.00 50.00 0.00 -0.01
4 40.00 0.00 41.00 0.00 50.00 0.00 51.00 0.00 -0.01
4 41.00 0.00 42.00 0.00 47.00 0.00 48.00 0.00 -0.03
4 41.00 0.00 42.00 0.00 48.00 0.00 49.00 0.00 -0.02
4 41.00 0.00 42.00 0.00 49.00 0.00 50.00 0.00 -0.02
4 41.00 0.00 42.00 0.00 50.00 0.00 51.00 0.00 -0.01
4 41.00 0.00 42.00 0.00 51.00 0.00 52.00 0.00 -0.01
4 42.00 0.00 43.00 0.00 47.00 0.00 48.00 0.00 -0.07
4 42.00 0.00 43.00 0.00 48.00 0.00 49.00 0.00 -0.04
4 42.00 0.00 43.00 0.00 49.00 0.00 50.00 0.00 -0.02
4 42.00 0.00 43.00 0.00 50.00 0.00 51.00 0.00 -0.01
4 42.00 0.00 43.00 0.00 51.00 0.00 52.00 0.00 -0.01
4 42.00 0.00 43.00 0.00 52.00 0.00 53.00 0.00 -0.00
4 43.00 0.00 44.00 0.00 47.00 0.00 48.00 0.00 -0.20
4 43.00 0.00 44.00 0.00 48.00 0.00 49.00 0.00 -0.07
4 43.00 0.00 44.00 0.00 49.00 0.00 50.00 0.00 -0.03
4 43.00 0.00 44.00 0.00 50.00 0.00 51.00 0.00 -0.01
4 43.00 0.00 44.00 0.00 51.00 0.00 52.00 0.00 -0.01
4 43.00 0.00 44.00 0.00 52.00 0.00 53.00 0.00 -0.01
4 43.00 0.00 44.00 0.00 53.00 0.00 54.00 0.00 -0.01
4 44.00 0.00 45.00 0.00 47.00 0.00 48.00 0.00 -1.02
4 44.00 0.00 45.00 0.00 48.00 0.00 49.00 0.00 -0.24
4 44.00 0.00 45.00 0.00 49.00 0.00 50.00 0.00 -0.08
4 44.00 0.00 45.00 0.00 50.00 0.00 51.00 0.00 -0.03
4 44.00 0.00 45.00 0.00 51.00 0.00 52.00 0.00 -0.01
4 44.00 0.00 45.00 0.00 52.00 0.00 53.00 0.00 -0.02
4 44.00 0.00 45.00 0.00 53.00 0.00 54.00 0.00 -0.01
4 44.00 0.00 45.00 0.00 54.00 0.00 55.00 0.00 -0.01
4 45.00 0.00 46.00 0.00 47.00 0.00 48.00 0.00 -7.91
4 45.00 0.00 46.00 0.00 48.00 0.00 49.00 0.00 -1.25
4 45.00 0.00 46.00 0.00 49.00 0.00 50.00 0.00 -0.27
4 45.00 0.00 46.00 0.00 50.00 0.00 51.00 0.00 -0.07
4 45.00 0.00 46.00 0.00 51.00 0.00 52.00 0.00 -0.03
4 45.00 0.00 46.00 0.00 52.00 0.00 53.00 0.00 -0.02
4 45.00 0.00 46.00 0.00 53.00 0.00 54.00 0.00 -0.01
4 45.00 0.00 46.00 0.00 54.00 0.00 55.00 0.00 -0.01
4 45.00 0.00 46.00 0.00 55.00 0.00 56.00 0.00 -0.01
4 46.00 0.00 47.00 0.00 48.00 0.00 49.00 0.00 -7.74
4 46.00 0.00 47.00 0.00 49.00 0.00 50.00 0.00 -1.21
4 46.00 0.00 47.00 0.00 50.00 0.00 51.00 0.00 -0.25
4 46.00 0.00 47.00 0.00 51.00 0.00 52.00 0.00 -0.07
4 46.00 0.00 47.00 0.00 52.00 0.00 53.00 0.00 -0.03
4 46.00 0.00 47.00 0.00 53.00 0.00 54.00 0.00 -0.02
4 46.00 0.00 47.00 0.00 54.00 0.00 55.00 0.00 -0.02
4 46.00 0.00 47.00 0.00 55.00 0.00 56.00 0.00 -0.01
4 46.00 0.00 47.00 0.00 56.00 0.00 57.00 0.00 -0.01
4 47.00 0.00 48.00 0.00 49.00 0.00 50.00 0.00 -8.07
4 47.00 0.00 48.00 0.00 50.00 0.00 51.00 0.00 -1.19
4 47.00 0.00 48.00 0.00 51.00 0.00 52.00 0.00 -0.24
4 47.00 0.00 48.00 0.00 52.00 0.00 53.00 0.00 -0.08
4 47.00 0.00 48.00 0.00 53.00 0.00 54.00 0.00 -0.04
4 47.00 0.00 48.00 0.00 54.00 0.00 55.00 0.00 -0.02
4 47.00 0.00 48.00 0.00 55.00 0.00 56.00 0.00 -0.02
4 47.00 0.00 48.00 0.00 56.00 0.00 57.00 0.00 -0.01
4 47.00 0.00 48.00 0.00 57.00 0.00 58.00 0.00 -0.01
4 48.00 0.00 49.00 0.00 50.00 0.00 51.00 0.00 -7.29
4 48.00 0.00 49.00 0.00 51.00 0.00 52.00 0.00 -1.09
4 48.00 0.00 49.00 0.00 52.00 0.00 53.00 0.00 -0.26
4 48.00 0.00 49.00 0.00 53.00 0.00 54.00 0.00 -0.08
4 48.00 0.00 49.00 0.00 54.00 0.00 55.00 0.00 -0.04
4 48.00 0.00 49.00 0.00 55.00 0.00 56.00 0.00 -0.02
4 48.00 0.00 49.00 0.00 56.00 0.00 57.00 0.00 -0.02
4 48.00 0.00 49.00 0.00 57.00 0.00 58.00 0.00 -0.01
4 48.00 0.00 49.00 0.00 58.00 0.00 59.00 0.00 -0.01
4 49.00 0.00 50.00 0.00 51.00 0.00 52.00 0.00 -6.38
4 49.00 0.00 50.00 0.00 52.00 0.00 53.00 0.00 -1.13
4 49.00 0.00 50.00 0.00 53.00 0.00 54.00 0.00 -0.26
4 49.00 0.00 50.00 0.00 54.00 0.00 55.00 0.00 -0.08
4 49.00 0.00 50.00 0.00 55.00 0.00 56.00 0.00 -0.05
4 49.00 0.00 50.00 0.00 56.00 0.00 57.00 0.00 -0.03
4 49.00 0.00 50.00 0.00 57.00 0.00 58.00 0.00 -0.02
4 49.00 0.00 50.00 0.00 58.00 0.00 59.00 0.00 -0.01
4 50.00 0.00 51.00 0.00 52.00 0.00 53.00 0.00 -6.92
4 50.00 0.00 51.00 0.00 53.00 0.00 54.00 0.00 -1.13
4 50.00 0.00 51.00 0.00 54.00 0.00 55.00 0.00 -0.27
4 50.00 0.00 51.00 0.00 55.00 0.00 56.00 0.00 -0.09
4 50.00 0.00 51.00 0.00 56.00 0.00 57.00 0.00 -0.05
4 50.00 0.00 51.00 0.00 57.00 0.00 58.00 0.00 -0.03
4 50.00 0.00 51.00 0.00 58.00 0.00 59.00 0.00 -0.02
4 51.00 0.00 52.00 0.00 53.00 0.00 54.00 0.00 -6.37
4 51.00 0.00 52.00 0.00 54.00 0.00 55.00 0.00 -1.02
4 51.00 0.00 52.00 0.00 55.00 0.00 56.00 0.00 -0.28
4 51.00 0.00 52.00 0.00 56.00 0.00 57.00 0.00 -0.09
4 51.00 0.00 52.00 0.00 57.00 0.00 58.00 0.00 -0.05
4 51.00 0.00 52.00 0.00 58.00 0.00 59.00 0.00 -0.04
4 52.00 0.00 53.00 0.00 54.00 0.00 55.00 0.00 -6.07
4 52.00 0.00 53.00 0.00 55.00 0.00 56.00 0.00 -1.14
4 52.00 0.00 53.00 0.00 56.00 0.00 57.00 0.00 -0.27
4 52.00 0.00 53.00 0.00 57.00 0.00 58.00 0.00 -0.09
4 52.00 0.00 53.00 0.00 58.00 0.00 59.00 0.00 -0.06
4 53.00 0.00 54.00 0.00 55.00 0.00 56.00 0.00 -6.18
4 53.00 0.00 54.00 0.00 56.00 0.00 57.00 0.00 -0.96
4 53.00 0.00 54.00 0.00 57.00 0.00 58.00 0.00 -0.24
4 53.00 0.00 54.00 0.00 58.00 0.00 59.00 0.00 -0.09
4 54.00 0.00 55.00 0.00 56.00 0.00 57.00 0.00 -6.34
4 54.00 0.00 55.00 0.00 57.00 0.00 58.00 0.00 -0.93
4 54.00 0.00 55.00 0.00 58.00 0.00 59.00 0.00 -0.25
4 55.00 0.00 56.00 0.00 57.00 0.00 58.00 0.00 -6.34
4 55.00 0.00 56.00 0.00 58.00 0.00 59.00 0.00 -0.98
4 56.00 0.00 57.00 0.00 58.00 0.00 59.00 0.00 -6.56
0
0
0
0