mcline4.bin
         1.00
11
3
Type of measurement (0=app. resistivity,1=resistance)
0
153
 2
0
4  0.00  0.00 1.00  0.00 2.00  0.00 3.00  0.00 127.82 
4  0.00  0.00 1.00  0.00 3.00  0.00 4.00  0.00 93.68 
4  0.00  0.00 1.00  0.00 4.00  0.00 5.00  0.00 59.05 
4  0.00  0.00 1.00  0.00 5.00  0.00 6.00  0.00 37.32 
4  0.00  0.00 1.00  0.00 6.00  0.00 7.00  0.00 27.75 
4  0.00  0.00 1.00  0.00 7.00  0.00 8.00  0.00 21.09 
4  0.00  0.00 1.00  0.00 8.00  0.00 9.00  0.00 21.64 
4  0.00  0.00 1.00  0.00 9.00  0.00 10.00  0.00 11.59 
4  0.00  0.00 1.00  0.00 10.00  0.00 11.00  0.00 19.46 
4  1.00  0.00 2.00  0.00 3.00  0.00 4.00  0.00 112.11 
4  1.00  0.00 2.00  0.00 4.00  0.00 5.00  0.00 78.55 
4  1.00  0.00 2.00  0.00 5.00  0.00 6.00  0.00 46.91 
4  1.00  0.00 2.00  0.00 6.00  0.00 7.00  0.00 30.55 
4  1.00  0.00 2.00  0.00 7.00  0.00 8.00  0.00 19.83 
4  1.00  0.00 2.00  0.00 8.00  0.00 9.00  0.00 20.87 
4  1.00  0.00 2.00  0.00 9.00  0.00 10.00  0.00 12.25 
4  1.00  0.00 2.00  0.00 10.00  0.00 11.00  0.00 20.47 
4  1.00  0.00 2.00  0.00 11.00  0.00 12.00  0.00 12.68 
4  2.00  0.00 3.00  0.00 4.00  0.00 5.00  0.00 116.32 
4  2.00  0.00 3.00  0.00 5.00  0.00 6.00  0.00 76.85 
4  2.00  0.00 3.00  0.00 6.00  0.00 7.00  0.00 48.58 
4  2.00  0.00 3.00  0.00 7.00  0.00 8.00  0.00 27.79 
4  2.00  0.00 3.00  0.00 8.00  0.00 9.00  0.00 20.65 
4  2.00  0.00 3.00  0.00 9.00  0.00 10.00  0.00 12.60 
4  2.00  0.00 3.00  0.00 10.00  0.00 11.00  0.00 16.18 
4  2.00  0.00 3.00  0.00 11.00  0.00 12.00  0.00 19.02 
4  2.00  0.00 3.00  0.00 12.00  0.00 13.00  0.00 25.17 
4  3.00  0.00 4.00  0.00 5.00  0.00 6.00  0.00 114.70 
4  3.00  0.00 4.00  0.00 6.00  0.00 7.00  0.00 72.27 
4  3.00  0.00 4.00  0.00 7.00  0.00 8.00  0.00 39.20 
4  3.00  0.00 4.00  0.00 8.00  0.00 9.00  0.00 26.27 
4  3.00  0.00 4.00  0.00 9.00  0.00 10.00  0.00 15.48 
4  3.00  0.00 4.00  0.00 10.00  0.00 11.00  0.00 16.22 
4  3.00  0.00 4.00  0.00 11.00  0.00 12.00  0.00 17.63 
4  3.00  0.00 4.00  0.00 12.00  0.00 13.00  0.00 24.55 
4  3.00  0.00 4.00  0.00 13.00  0.00 14.00  0.00 17.94 
4  4.00  0.00 5.00  0.00 6.00  0.00 7.00  0.00 122.45 
4  4.00  0.00 5.00  0.00 7.00  0.00 8.00  0.00 61.76 
4  4.00  0.00 5.00  0.00 8.00  0.00 9.00  0.00 37.50 
4  4.00  0.00 5.00  0.00 9.00  0.00 10.00  0.00 20.18 
4  4.00  0.00 5.00  0.00 10.00  0.00 11.00  0.00 20.96 
4  4.00  0.00 5.00  0.00 11.00  0.00 12.00  0.00 12.84 
4  4.00  0.00 5.00  0.00 12.00  0.00 13.00  0.00 21.38 
4  4.00  0.00 5.00  0.00 13.00  0.00 14.00  0.00 7.25 
4  4.00  0.00 5.00  0.00 14.00  0.00 15.00  0.00 25.17 
4  5.00  0.00 6.00  0.00 7.00  0.00 8.00  0.00 103.06 
4  5.00  0.00 6.00  0.00 8.00  0.00 9.00  0.00 60.62 
4  5.00  0.00 6.00  0.00 9.00  0.00 10.00  0.00 29.16 
4  5.00  0.00 6.00  0.00 10.00  0.00 11.00  0.00 20.97 
4  5.00  0.00 6.00  0.00 11.00  0.00 12.00  0.00 14.48 
4  5.00  0.00 6.00  0.00 12.00  0.00 13.00  0.00 18.70 
4  5.00  0.00 6.00  0.00 13.00  0.00 14.00  0.00 11.86 
4  5.00  0.00 6.00  0.00 14.00  0.00 15.00  0.00 12.42 
4  5.00  0.00 6.00  0.00 15.00  0.00 16.00  0.00 16.40 
4  6.00  0.00 7.00  0.00 8.00  0.00 9.00  0.00 127.00 
4  6.00  0.00 7.00  0.00 9.00  0.00 10.00  0.00 56.07 
4  6.00  0.00 7.00  0.00 10.00  0.00 11.00  0.00 35.10 
4  6.00  0.00 7.00  0.00 11.00  0.00 12.00  0.00 20.08 
4  6.00  0.00 7.00  0.00 12.00  0.00 13.00  0.00 14.75 
4  6.00  0.00 7.00  0.00 13.00  0.00 14.00  0.00 12.99 
4  6.00  0.00 7.00  0.00 14.00  0.00 15.00  0.00 4.46 
4  6.00  0.00 7.00  0.00 15.00  0.00 16.00  0.00 22.54 
4  6.00  0.00 7.00  0.00 16.00  0.00 17.00  0.00 35.39 
4  7.00  0.00 8.00  0.00 9.00  0.00 10.00  0.00 110.16 
4  7.00  0.00 8.00  0.00 10.00  0.00 11.00  0.00 63.43 
4  7.00  0.00 8.00  0.00 11.00  0.00 12.00  0.00 32.64 
4  7.00  0.00 8.00  0.00 12.00  0.00 13.00  0.00 20.70 
4  7.00  0.00 8.00  0.00 13.00  0.00 14.00  0.00 9.62 
4  7.00  0.00 8.00  0.00 14.00  0.00 15.00  0.00 14.45 
4  7.00  0.00 8.00  0.00 15.00  0.00 16.00  0.00 9.25 
4  7.00  0.00 8.00  0.00 16.00  0.00 17.00  0.00 22.19 
4  7.00  0.00 8.00  0.00 17.00  0.00 18.00  0.00 33.91 
4  8.00  0.00 9.00  0.00 10.00  0.00 11.00  0.00 151.75 
4  8.00  0.00 9.00  0.00 11.00  0.00 12.00  0.00 79.21 
4  8.00  0.00 9.00  0.00 12.00  0.00 13.00  0.00 42.75 
4  8.00  0.00 9.00  0.00 13.00  0.00 14.00  0.00 21.25 
4  8.00  0.00 9.00  0.00 14.00  0.00 15.00  0.00 25.25 
4  8.00  0.00 9.00  0.00 15.00  0.00 16.00  0.00 15.12 
4  8.00  0.00 9.00  0.00 16.00  0.00 17.00  0.00 18.21 
4  8.00  0.00 9.00  0.00 17.00  0.00 18.00  0.00 34.21 
4  8.00  0.00 9.00  0.00 18.00  0.00 19.00  0.00 58.34 
4  9.00  0.00 10.00  0.00 11.00  0.00 12.00  0.00 139.27 
4  9.00  0.00 10.00  0.00 12.00  0.00 13.00  0.00 83.06 
4  9.00  0.00 10.00  0.00 13.00  0.00 14.00  0.00 38.48 
4  9.00  0.00 10.00  0.00 14.00  0.00 15.00  0.00 24.85 
4  9.00  0.00 10.00  0.00 15.00  0.00 16.00  0.00 18.90 
4  9.00  0.00 10.00  0.00 16.00  0.00 17.00  0.00 23.19 
4  9.00  0.00 10.00  0.00 17.00  0.00 18.00  0.00 38.76 
4  9.00  0.00 10.00  0.00 18.00  0.00 19.00  0.00 44.22 
4  9.00  0.00 10.00  0.00 19.00  0.00 20.00  0.00 55.08 
4  10.00  0.00 11.00  0.00 12.00  0.00 13.00  0.00 141.70 
4  10.00  0.00 11.00  0.00 13.00  0.00 14.00  0.00 69.55 
4  10.00  0.00 11.00  0.00 14.00  0.00 15.00  0.00 44.18 
4  10.00  0.00 11.00  0.00 15.00  0.00 16.00  0.00 31.41 
4  10.00  0.00 11.00  0.00 16.00  0.00 17.00  0.00 29.28 
4  10.00  0.00 11.00  0.00 17.00  0.00 18.00  0.00 35.53 
4  10.00  0.00 11.00  0.00 18.00  0.00 19.00  0.00 55.30 
4  10.00  0.00 11.00  0.00 19.00  0.00 20.00  0.00 43.00 
4  10.00  0.00 11.00  0.00 20.00  0.00 21.00  0.00 18.10 
4  11.00  0.00 12.00  0.00 13.00  0.00 14.00  0.00 92.53 
4  11.00  0.00 12.00  0.00 14.00  0.00 15.00  0.00 66.08 
4  11.00  0.00 12.00  0.00 15.00  0.00 16.00  0.00 41.18 
4  11.00  0.00 12.00  0.00 16.00  0.00 17.00  0.00 31.88 
4  11.00  0.00 12.00  0.00 17.00  0.00 18.00  0.00 41.51 
4  11.00  0.00 12.00  0.00 18.00  0.00 19.00  0.00 45.81 
4  11.00  0.00 12.00  0.00 19.00  0.00 20.00  0.00 28.97 
4  11.00  0.00 12.00  0.00 20.00  0.00 21.00  0.00 47.07 
4  11.00  0.00 12.00  0.00 21.00  0.00 22.00  0.00 22.13 
4  12.00  0.00 13.00  0.00 14.00  0.00 15.00  0.00 106.65 
4  12.00  0.00 13.00  0.00 15.00  0.00 16.00  0.00 63.61 
4  12.00  0.00 13.00  0.00 16.00  0.00 17.00  0.00 40.84 
4  12.00  0.00 13.00  0.00 17.00  0.00 18.00  0.00 48.01 
4  12.00  0.00 13.00  0.00 18.00  0.00 19.00  0.00 49.41 
4  12.00  0.00 13.00  0.00 19.00  0.00 20.00  0.00 43.49 
4  12.00  0.00 13.00  0.00 20.00  0.00 21.00  0.00 44.18 
4  12.00  0.00 13.00  0.00 21.00  0.00 22.00  0.00 40.72 
4  12.00  0.00 13.00  0.00 22.00  0.00 23.00  0.00 42.16 
4  13.00  0.00 14.00  0.00 15.00  0.00 16.00  0.00 88.29 
4  13.00  0.00 14.00  0.00 16.00  0.00 17.00  0.00 47.33 
4  13.00  0.00 14.00  0.00 17.00  0.00 18.00  0.00 51.98 
4  13.00  0.00 14.00  0.00 18.00  0.00 19.00  0.00 51.83 
4  13.00  0.00 14.00  0.00 19.00  0.00 20.00  0.00 49.83 
4  13.00  0.00 14.00  0.00 20.00  0.00 21.00  0.00 47.76 
4  13.00  0.00 14.00  0.00 21.00  0.00 22.00  0.00 50.95 
4  13.00  0.00 14.00  0.00 22.00  0.00 23.00  0.00 55.41 
4  14.00  0.00 15.00  0.00 16.00  0.00 17.00  0.00 78.31 
4  14.00  0.00 15.00  0.00 17.00  0.00 18.00  0.00 61.37 
4  14.00  0.00 15.00  0.00 18.00  0.00 19.00  0.00 61.25 
4  14.00  0.00 15.00  0.00 19.00  0.00 20.00  0.00 55.99 
4  14.00  0.00 15.00  0.00 20.00  0.00 21.00  0.00 55.51 
4  14.00  0.00 15.00  0.00 21.00  0.00 22.00  0.00 60.88 
4  14.00  0.00 15.00  0.00 22.00  0.00 23.00  0.00 73.62 
4  15.00  0.00 16.00  0.00 17.00  0.00 18.00  0.00 99.90 
4  15.00  0.00 16.00  0.00 18.00  0.00 19.00  0.00 82.07 
4  15.00  0.00 16.00  0.00 19.00  0.00 20.00  0.00 71.29 
4  15.00  0.00 16.00  0.00 20.00  0.00 21.00  0.00 69.72 
4  15.00  0.00 16.00  0.00 21.00  0.00 22.00  0.00 74.29 
4  15.00  0.00 16.00  0.00 22.00  0.00 23.00  0.00 73.65 
4  16.00  0.00 17.00  0.00 18.00  0.00 19.00  0.00 101.42 
4  16.00  0.00 17.00  0.00 19.00  0.00 20.00  0.00 86.42 
4  16.00  0.00 17.00  0.00 20.00  0.00 21.00  0.00 86.55 
4  16.00  0.00 17.00  0.00 21.00  0.00 22.00  0.00 94.22 
4  16.00  0.00 17.00  0.00 22.00  0.00 23.00  0.00 89.93 
4  17.00  0.00 18.00  0.00 19.00  0.00 20.00  0.00 109.48 
4  17.00  0.00 18.00  0.00 20.00  0.00 21.00  0.00 106.36 
4  17.00  0.00 18.00  0.00 21.00  0.00 22.00  0.00 115.77 
4  17.00  0.00 18.00  0.00 22.00  0.00 23.00  0.00 107.44 
4  18.00  0.00 19.00  0.00 20.00  0.00 21.00  0.00 124.80 
4  18.00  0.00 19.00  0.00 21.00  0.00 22.00  0.00 127.53 
4  18.00  0.00 19.00  0.00 22.00  0.00 23.00  0.00 113.24 
4  19.00  0.00 20.00  0.00 21.00  0.00 22.00  0.00 144.66 
4  19.00  0.00 20.00  0.00 22.00  0.00 23.00  0.00 114.21 
4  20.00  0.00 21.00  0.00 22.00  0.00 23.00  0.00 127.68 
0
0
0
0
