mcline3.bin
         1.00
11
3
Type of measurement (0=app. resistivity,1=resistance)
0
153
 2
0
4  0.00  0.00 1.00  0.00 2.00  0.00 3.00  0.00 108.55 
4  0.00  0.00 1.00  0.00 3.00  0.00 4.00  0.00 81.21 
4  0.00  0.00 1.00  0.00 4.00  0.00 5.00  0.00 39.34 
4  0.00  0.00 1.00  0.00 5.00  0.00 6.00  0.00 20.16 
4  0.00  0.00 1.00  0.00 6.00  0.00 7.00  0.00 16.20 
4  0.00  0.00 1.00  0.00 7.00  0.00 8.00  0.00 15.96 
4  0.00  0.00 1.00  0.00 8.00  0.00 9.00  0.00 23.84 
4  0.00  0.00 1.00  0.00 9.00  0.00 10.00  0.00 31.67 
4  0.00  0.00 1.00  0.00 10.00  0.00 11.00  0.00 25.95 
4  1.00  0.00 2.00  0.00 3.00  0.00 4.00  0.00 147.63 
4  1.00  0.00 2.00  0.00 4.00  0.00 5.00  0.00 85.94 
4  1.00  0.00 2.00  0.00 5.00  0.00 6.00  0.00 43.21 
4  1.00  0.00 2.00  0.00 6.00  0.00 7.00  0.00 22.85 
4  1.00  0.00 2.00  0.00 7.00  0.00 8.00  0.00 19.92 
4  1.00  0.00 2.00  0.00 8.00  0.00 9.00  0.00 27.22 
4  1.00  0.00 2.00  0.00 9.00  0.00 10.00  0.00 29.42 
4  1.00  0.00 2.00  0.00 10.00  0.00 11.00  0.00 37.87 
4  1.00  0.00 2.00  0.00 11.00  0.00 12.00  0.00 40.99 
4  2.00  0.00 3.00  0.00 4.00  0.00 5.00  0.00 132.44 
4  2.00  0.00 3.00  0.00 5.00  0.00 6.00  0.00 78.55 
4  2.00  0.00 3.00  0.00 6.00  0.00 7.00  0.00 34.67 
4  2.00  0.00 3.00  0.00 7.00  0.00 8.00  0.00 20.72 
4  2.00  0.00 3.00  0.00 8.00  0.00 9.00  0.00 28.83 
4  2.00  0.00 3.00  0.00 9.00  0.00 10.00  0.00 35.62 
4  2.00  0.00 3.00  0.00 10.00  0.00 11.00  0.00 31.05 
4  2.00  0.00 3.00  0.00 11.00  0.00 12.00  0.00 41.39 
4  2.00  0.00 3.00  0.00 12.00  0.00 13.00  0.00 31.26 
4  3.00  0.00 4.00  0.00 5.00  0.00 6.00  0.00 145.39 
4  3.00  0.00 4.00  0.00 6.00  0.00 7.00  0.00 68.43 
4  3.00  0.00 4.00  0.00 7.00  0.00 8.00  0.00 31.80 
4  3.00  0.00 4.00  0.00 8.00  0.00 9.00  0.00 29.91 
4  3.00  0.00 4.00  0.00 9.00  0.00 10.00  0.00 31.10 
4  3.00  0.00 4.00  0.00 10.00  0.00 11.00  0.00 36.20 
4  3.00  0.00 4.00  0.00 11.00  0.00 12.00  0.00 39.77 
4  3.00  0.00 4.00  0.00 12.00  0.00 13.00  0.00 41.85 
4  3.00  0.00 4.00  0.00 13.00  0.00 14.00  0.00 39.56 
4  4.00  0.00 5.00  0.00 6.00  0.00 7.00  0.00 113.38 
4  4.00  0.00 5.00  0.00 7.00  0.00 8.00  0.00 54.64 
4  4.00  0.00 5.00  0.00 8.00  0.00 9.00  0.00 37.59 
4  4.00  0.00 5.00  0.00 9.00  0.00 10.00  0.00 35.52 
4  4.00  0.00 5.00  0.00 10.00  0.00 11.00  0.00 36.94 
4  4.00  0.00 5.00  0.00 11.00  0.00 12.00  0.00 39.76 
4  4.00  0.00 5.00  0.00 12.00  0.00 13.00  0.00 45.61 
4  4.00  0.00 5.00  0.00 13.00  0.00 14.00  0.00 62.85 
4  4.00  0.00 5.00  0.00 14.00  0.00 15.00  0.00 44.79 
4  5.00  0.00 6.00  0.00 7.00  0.00 8.00  0.00 100.71 
4  5.00  0.00 6.00  0.00 8.00  0.00 9.00  0.00 67.04 
4  5.00  0.00 6.00  0.00 9.00  0.00 10.00  0.00 49.07 
4  5.00  0.00 6.00  0.00 10.00  0.00 11.00  0.00 47.41 
4  5.00  0.00 6.00  0.00 11.00  0.00 12.00  0.00 43.90 
4  5.00  0.00 6.00  0.00 12.00  0.00 13.00  0.00 50.75 
4  5.00  0.00 6.00  0.00 13.00  0.00 14.00  0.00 51.88 
4  5.00  0.00 6.00  0.00 14.00  0.00 15.00  0.00 42.52 
4  5.00  0.00 6.00  0.00 15.00  0.00 16.00  0.00 12.00 
4  6.00  0.00 7.00  0.00 8.00  0.00 9.00  0.00 143.17 
4  6.00  0.00 7.00  0.00 9.00  0.00 10.00  0.00 78.98 
4  6.00  0.00 7.00  0.00 10.00  0.00 11.00  0.00 64.11 
4  6.00  0.00 7.00  0.00 11.00  0.00 12.00  0.00 64.09 
4  6.00  0.00 7.00  0.00 12.00  0.00 13.00  0.00 61.51 
4  6.00  0.00 7.00  0.00 13.00  0.00 14.00  0.00 73.19 
4  6.00  0.00 7.00  0.00 14.00  0.00 15.00  0.00 63.26 
4  6.00  0.00 7.00  0.00 15.00  0.00 16.00  0.00 19.20 
4  6.00  0.00 7.00  0.00 16.00  0.00 17.00  0.00 369.91 
4  7.00  0.00 8.00  0.00 9.00  0.00 10.00  0.00 127.39 
4  7.00  0.00 8.00  0.00 10.00  0.00 11.00  0.00 85.16 
4  7.00  0.00 8.00  0.00 11.00  0.00 12.00  0.00 78.15 
4  7.00  0.00 8.00  0.00 12.00  0.00 13.00  0.00 71.22 
4  7.00  0.00 8.00  0.00 13.00  0.00 14.00  0.00 63.01 
4  7.00  0.00 8.00  0.00 14.00  0.00 15.00  0.00 62.54 
4  7.00  0.00 8.00  0.00 15.00  0.00 16.00  0.00 58.56 
4  7.00  0.00 8.00  0.00 16.00  0.00 17.00  0.00 478.97 
4  7.00  0.00 8.00  0.00 17.00  0.00 18.00  0.00 40.86 
4  8.00  0.00 9.00  0.00 10.00  0.00 11.00  0.00 144.34 
4  8.00  0.00 9.00  0.00 11.00  0.00 12.00  0.00 119.88 
4  8.00  0.00 9.00  0.00 12.00  0.00 13.00  0.00 99.06 
4  8.00  0.00 9.00  0.00 13.00  0.00 14.00  0.00 85.96 
4  8.00  0.00 9.00  0.00 14.00  0.00 15.00  0.00 86.19 
4  8.00  0.00 9.00  0.00 15.00  0.00 16.00  0.00 76.87 
4  8.00  0.00 9.00  0.00 16.00  0.00 17.00  0.00 374.17 
4  8.00  0.00 9.00  0.00 17.00  0.00 18.00  0.00 94.67 
4  8.00  0.00 9.00  0.00 18.00  0.00 19.00  0.00 87.91 
4  9.00  0.00 10.00  0.00 11.00  0.00 12.00  0.00 160.66 
4  9.00  0.00 10.00  0.00 12.00  0.00 13.00  0.00 120.71 
4  9.00  0.00 10.00  0.00 13.00  0.00 14.00  0.00 92.93 
4  9.00  0.00 10.00  0.00 14.00  0.00 15.00  0.00 94.31 
4  9.00  0.00 10.00  0.00 15.00  0.00 16.00  0.00 80.43 
4  9.00  0.00 10.00  0.00 16.00  0.00 17.00  0.00 184.59 
4  9.00  0.00 10.00  0.00 17.00  0.00 18.00  0.00 82.42 
4  9.00  0.00 10.00  0.00 18.00  0.00 19.00  0.00 103.67 
4  9.00  0.00 10.00  0.00 19.00  0.00 20.00  0.00 95.06 
4  10.00  0.00 11.00  0.00 12.00  0.00 13.00  0.00 135.86 
4  10.00  0.00 11.00  0.00 13.00  0.00 14.00  0.00 85.88 
4  10.00  0.00 11.00  0.00 14.00  0.00 15.00  0.00 79.62 
4  10.00  0.00 11.00  0.00 15.00  0.00 16.00  0.00 65.40 
4  10.00  0.00 11.00  0.00 16.00  0.00 17.00  0.00 113.69 
4  10.00  0.00 11.00  0.00 17.00  0.00 18.00  0.00 75.78 
4  10.00  0.00 11.00  0.00 18.00  0.00 19.00  0.00 88.66 
4  10.00  0.00 11.00  0.00 19.00  0.00 20.00  0.00 78.45 
4  10.00  0.00 11.00  0.00 20.00  0.00 21.00  0.00 102.84 
4  11.00  0.00 12.00  0.00 13.00  0.00 14.00  0.00 120.84 
4  11.00  0.00 12.00  0.00 14.00  0.00 15.00  0.00 90.32 
4  11.00  0.00 12.00  0.00 15.00  0.00 16.00  0.00 129.51 
4  11.00  0.00 12.00  0.00 16.00  0.00 17.00  0.00 414.76 
4  11.00  0.00 12.00  0.00 17.00  0.00 18.00  0.00 75.04 
4  11.00  0.00 12.00  0.00 18.00  0.00 19.00  0.00 88.65 
4  11.00  0.00 12.00  0.00 19.00  0.00 20.00  0.00 93.75 
4  11.00  0.00 12.00  0.00 20.00  0.00 21.00  0.00 84.07 
4  11.00  0.00 12.00  0.00 21.00  0.00 22.00  0.00 95.97 
4  12.00  0.00 13.00  0.00 14.00  0.00 15.00  0.00 126.06 
4  12.00  0.00 13.00  0.00 15.00  0.00 16.00  0.00 126.96 
4  12.00  0.00 13.00  0.00 16.00  0.00 17.00  0.00 204.76 
4  12.00  0.00 13.00  0.00 17.00  0.00 18.00  0.00 68.82 
4  12.00  0.00 13.00  0.00 18.00  0.00 19.00  0.00 82.74 
4  12.00  0.00 13.00  0.00 19.00  0.00 20.00  0.00 86.10 
4  12.00  0.00 13.00  0.00 20.00  0.00 21.00  0.00 97.76 
4  12.00  0.00 13.00  0.00 21.00  0.00 22.00  0.00 114.63 
4  12.00  0.00 13.00  0.00 22.00  0.00 23.00  0.00 107.82 
4  13.00  0.00 14.00  0.00 15.00  0.00 16.00  0.00 105.26 
4  13.00  0.00 14.00  0.00 16.00  0.00 17.00  0.00 62.44 
4  13.00  0.00 14.00  0.00 17.00  0.00 18.00  0.00 64.93 
4  13.00  0.00 14.00  0.00 18.00  0.00 19.00  0.00 73.04 
4  13.00  0.00 14.00  0.00 19.00  0.00 20.00  0.00 77.21 
4  13.00  0.00 14.00  0.00 20.00  0.00 21.00  0.00 89.02 
4  13.00  0.00 14.00  0.00 21.00  0.00 22.00  0.00 85.25 
4  13.00  0.00 14.00  0.00 22.00  0.00 23.00  0.00 83.71 
4  14.00  0.00 15.00  0.00 16.00  0.00 17.00  0.00 118.68 
4  14.00  0.00 15.00  0.00 17.00  0.00 18.00  0.00 74.03 
4  14.00  0.00 15.00  0.00 18.00  0.00 19.00  0.00 78.25 
4  14.00  0.00 15.00  0.00 19.00  0.00 20.00  0.00 75.98 
4  14.00  0.00 15.00  0.00 20.00  0.00 21.00  0.00 85.33 
4  14.00  0.00 15.00  0.00 21.00  0.00 22.00  0.00 87.00 
4  14.00  0.00 15.00  0.00 22.00  0.00 23.00  0.00 95.31 
4  15.00  0.00 16.00  0.00 17.00  0.00 18.00  0.00 109.03 
4  15.00  0.00 16.00  0.00 18.00  0.00 19.00  0.00 86.49 
4  15.00  0.00 16.00  0.00 19.00  0.00 20.00  0.00 77.07 
4  15.00  0.00 16.00  0.00 20.00  0.00 21.00  0.00 80.73 
4  15.00  0.00 16.00  0.00 21.00  0.00 22.00  0.00 82.98 
4  15.00  0.00 16.00  0.00 22.00  0.00 23.00  0.00 83.40 
4  16.00  0.00 17.00  0.00 18.00  0.00 19.00  0.00 104.67 
4  16.00  0.00 17.00  0.00 19.00  0.00 20.00  0.00 80.89 
4  16.00  0.00 17.00  0.00 20.00  0.00 21.00  0.00 76.12 
4  16.00  0.00 17.00  0.00 21.00  0.00 22.00  0.00 74.90 
4  16.00  0.00 17.00  0.00 22.00  0.00 23.00  0.00 77.09 
4  17.00  0.00 18.00  0.00 19.00  0.00 20.00  0.00 97.82 
4  17.00  0.00 18.00  0.00 20.00  0.00 21.00  0.00 82.15 
4  17.00  0.00 18.00  0.00 21.00  0.00 22.00  0.00 70.27 
4  17.00  0.00 18.00  0.00 22.00  0.00 23.00  0.00 72.53 
4  18.00  0.00 19.00  0.00 20.00  0.00 21.00  0.00 125.08 
4  18.00  0.00 19.00  0.00 21.00  0.00 22.00  0.00 103.19 
4  18.00  0.00 19.00  0.00 22.00  0.00 23.00  0.00 92.11 
4  19.00  0.00 20.00  0.00 21.00  0.00 22.00  0.00 134.11 
4  19.00  0.00 20.00  0.00 22.00  0.00 23.00  0.00 125.14 
4  20.00  0.00 21.00  0.00 22.00  0.00 23.00  0.00 141.13 
0
0
0
0
