mcline1.bin
         1.00
11
3
Type of measurement (0=app. resistivity,1=resistance)
0
801
 2
0
4  0.00  0.00 1.00  0.00 2.00  0.00 3.00  0.00 157.53 
4  0.00  0.00 1.00  0.00 3.00  0.00 4.00  0.00 92.26 
4  0.00  0.00 1.00  0.00 4.00  0.00 5.00  0.00 66.70 
4  0.00  0.00 1.00  0.00 5.00  0.00 6.00  0.00 52.47 
4  0.00  0.00 1.00  0.00 6.00  0.00 7.00  0.00 45.61 
4  0.00  0.00 1.00  0.00 7.00  0.00 8.00  0.00 53.70 
4  0.00  0.00 1.00  0.00 8.00  0.00 9.00  0.00 57.06 
4  0.00  0.00 1.00  0.00 9.00  0.00 10.00  0.00 66.11 
4  0.00  0.00 1.00  0.00 10.00  0.00 11.00  0.00 110.74 
4  1.00  0.00 2.00  0.00 3.00  0.00 4.00  0.00 158.21 
4  1.00  0.00 2.00  0.00 4.00  0.00 5.00  0.00 96.59 
4  1.00  0.00 2.00  0.00 5.00  0.00 6.00  0.00 62.59 
4  1.00  0.00 2.00  0.00 6.00  0.00 7.00  0.00 49.97 
4  1.00  0.00 2.00  0.00 7.00  0.00 8.00  0.00 50.54 
4  1.00  0.00 2.00  0.00 8.00  0.00 9.00  0.00 53.77 
4  1.00  0.00 2.00  0.00 9.00  0.00 10.00  0.00 51.29 
4  1.00  0.00 2.00  0.00 10.00  0.00 11.00  0.00 65.90 
4  1.00  0.00 2.00  0.00 11.00  0.00 12.00  0.00 66.43 
4  2.00  0.00 3.00  0.00 4.00  0.00 5.00  0.00 156.27 
4  2.00  0.00 3.00  0.00 5.00  0.00 6.00  0.00 87.16 
4  2.00  0.00 3.00  0.00 6.00  0.00 7.00  0.00 57.85 
4  2.00  0.00 3.00  0.00 7.00  0.00 8.00  0.00 51.80 
4  2.00  0.00 3.00  0.00 8.00  0.00 9.00  0.00 53.49 
4  2.00  0.00 3.00  0.00 9.00  0.00 10.00  0.00 57.33 
4  2.00  0.00 3.00  0.00 10.00  0.00 11.00  0.00 67.53 
4  2.00  0.00 3.00  0.00 11.00  0.00 12.00  0.00 56.88 
4  2.00  0.00 3.00  0.00 12.00  0.00 13.00  0.00 69.58 
4  3.00  0.00 4.00  0.00 5.00  0.00 6.00  0.00 140.46 
4  3.00  0.00 4.00  0.00 6.00  0.00 7.00  0.00 78.30 
4  3.00  0.00 4.00  0.00 7.00  0.00 8.00  0.00 60.90 
4  3.00  0.00 4.00  0.00 8.00  0.00 9.00  0.00 53.38 
4  3.00  0.00 4.00  0.00 9.00  0.00 10.00  0.00 51.74 
4  3.00  0.00 4.00  0.00 10.00  0.00 11.00  0.00 48.92 
4  3.00  0.00 4.00  0.00 11.00  0.00 12.00  0.00 56.10 
4  3.00  0.00 4.00  0.00 12.00  0.00 13.00  0.00 72.25 
4  3.00  0.00 4.00  0.00 13.00  0.00 14.00  0.00 63.66 
4  4.00  0.00 5.00  0.00 6.00  0.00 7.00  0.00 129.91 
4  4.00  0.00 5.00  0.00 7.00  0.00 8.00  0.00 94.74 
4  4.00  0.00 5.00  0.00 8.00  0.00 9.00  0.00 63.92 
4  4.00  0.00 5.00  0.00 9.00  0.00 10.00  0.00 56.44 
4  4.00  0.00 5.00  0.00 10.00  0.00 11.00  0.00 55.65 
4  4.00  0.00 5.00  0.00 11.00  0.00 12.00  0.00 50.83 
4  4.00  0.00 5.00  0.00 12.00  0.00 13.00  0.00 57.30 
4  4.00  0.00 5.00  0.00 13.00  0.00 14.00  0.00 62.99 
4  4.00  0.00 5.00  0.00 14.00  0.00 15.00  0.00 70.75 
4  5.00  0.00 6.00  0.00 7.00  0.00 8.00  0.00 150.49 
4  5.00  0.00 6.00  0.00 8.00  0.00 9.00  0.00 90.52 
4  5.00  0.00 6.00  0.00 9.00  0.00 10.00  0.00 65.47 
4  5.00  0.00 6.00  0.00 10.00  0.00 11.00  0.00 50.72 
4  5.00  0.00 6.00  0.00 11.00  0.00 12.00  0.00 48.23 
4  5.00  0.00 6.00  0.00 12.00  0.00 13.00  0.00 57.15 
4  5.00  0.00 6.00  0.00 13.00  0.00 14.00  0.00 58.37 
4  5.00  0.00 6.00  0.00 14.00  0.00 15.00  0.00 50.28 
4  5.00  0.00 6.00  0.00 15.00  0.00 16.00  0.00 64.68 
4  6.00  0.00 7.00  0.00 8.00  0.00 9.00  0.00 145.26 
4  6.00  0.00 7.00  0.00 9.00  0.00 10.00  0.00 91.56 
4  6.00  0.00 7.00  0.00 10.00  0.00 11.00  0.00 55.35 
4  6.00  0.00 7.00  0.00 11.00  0.00 12.00  0.00 46.02 
4  6.00  0.00 7.00  0.00 12.00  0.00 13.00  0.00 44.70 
4  6.00  0.00 7.00  0.00 13.00  0.00 14.00  0.00 45.34 
4  6.00  0.00 7.00  0.00 14.00  0.00 15.00  0.00 48.27 
4  6.00  0.00 7.00  0.00 15.00  0.00 16.00  0.00 56.90 
4  6.00  0.00 7.00  0.00 16.00  0.00 17.00  0.00 71.89 
4  7.00  0.00 8.00  0.00 9.00  0.00 10.00  0.00 159.59 
4  7.00  0.00 8.00  0.00 10.00  0.00 11.00  0.00 86.40 
4  7.00  0.00 8.00  0.00 11.00  0.00 12.00  0.00 51.53 
4  7.00  0.00 8.00  0.00 12.00  0.00 13.00  0.00 48.74 
4  7.00  0.00 8.00  0.00 13.00  0.00 14.00  0.00 50.72 
4  7.00  0.00 8.00  0.00 14.00  0.00 15.00  0.00 56.00 
4  7.00  0.00 8.00  0.00 15.00  0.00 16.00  0.00 54.62 
4  7.00  0.00 8.00  0.00 16.00  0.00 17.00  0.00 49.61 
4  7.00  0.00 8.00  0.00 17.00  0.00 18.00  0.00 67.83 
4  8.00  0.00 9.00  0.00 10.00  0.00 11.00  0.00 144.38 
4  8.00  0.00 9.00  0.00 11.00  0.00 12.00  0.00 73.55 
4  8.00  0.00 9.00  0.00 12.00  0.00 13.00  0.00 49.48 
4  8.00  0.00 9.00  0.00 13.00  0.00 14.00  0.00 49.18 
4  8.00  0.00 9.00  0.00 14.00  0.00 15.00  0.00 50.04 
4  8.00  0.00 9.00  0.00 15.00  0.00 16.00  0.00 51.98 
4  8.00  0.00 9.00  0.00 16.00  0.00 17.00  0.00 52.81 
4  8.00  0.00 9.00  0.00 17.00  0.00 18.00  0.00 52.33 
4  8.00  0.00 9.00  0.00 18.00  0.00 19.00  0.00 64.16 
4  9.00  0.00 10.00  0.00 11.00  0.00 12.00  0.00 135.72 
4  9.00  0.00 10.00  0.00 12.00  0.00 13.00  0.00 69.52 
4  9.00  0.00 10.00  0.00 13.00  0.00 14.00  0.00 55.41 
4  9.00  0.00 10.00  0.00 14.00  0.00 15.00  0.00 50.89 
4  9.00  0.00 10.00  0.00 15.00  0.00 16.00  0.00 51.67 
4  9.00  0.00 10.00  0.00 16.00  0.00 17.00  0.00 52.92 
4  9.00  0.00 10.00  0.00 17.00  0.00 18.00  0.00 51.18 
4  9.00  0.00 10.00  0.00 18.00  0.00 19.00  0.00 66.84 
4  9.00  0.00 10.00  0.00 19.00  0.00 20.00  0.00 60.95 
4  10.00  0.00 11.00  0.00 12.00  0.00 13.00  0.00 106.33 
4  10.00  0.00 11.00  0.00 13.00  0.00 14.00  0.00 63.71 
4  10.00  0.00 11.00  0.00 14.00  0.00 15.00  0.00 51.05 
4  10.00  0.00 11.00  0.00 15.00  0.00 16.00  0.00 51.63 
4  10.00  0.00 11.00  0.00 16.00  0.00 17.00  0.00 56.17 
4  10.00  0.00 11.00  0.00 17.00  0.00 18.00  0.00 58.44 
4  10.00  0.00 11.00  0.00 18.00  0.00 19.00  0.00 55.19 
4  10.00  0.00 11.00  0.00 19.00  0.00 20.00  0.00 64.66 
4  10.00  0.00 11.00  0.00 20.00  0.00 21.00  0.00 74.36 
4  11.00  0.00 12.00  0.00 13.00  0.00 14.00  0.00 101.17 
4  11.00  0.00 12.00  0.00 14.00  0.00 15.00  0.00 59.88 
4  11.00  0.00 12.00  0.00 15.00  0.00 16.00  0.00 49.72 
4  11.00  0.00 12.00  0.00 16.00  0.00 17.00  0.00 53.30 
4  11.00  0.00 12.00  0.00 17.00  0.00 18.00  0.00 51.81 
4  11.00  0.00 12.00  0.00 18.00  0.00 19.00  0.00 60.52 
4  11.00  0.00 12.00  0.00 19.00  0.00 20.00  0.00 53.85 
4  11.00  0.00 12.00  0.00 20.00  0.00 21.00  0.00 47.08 
4  11.00  0.00 12.00  0.00 21.00  0.00 22.00  0.00 46.23 
4  12.00  0.00 13.00  0.00 14.00  0.00 15.00  0.00 98.62 
4  12.00  0.00 13.00  0.00 15.00  0.00 16.00  0.00 59.81 
4  12.00  0.00 13.00  0.00 16.00  0.00 17.00  0.00 51.30 
4  12.00  0.00 13.00  0.00 17.00  0.00 18.00  0.00 51.25 
4  12.00  0.00 13.00  0.00 18.00  0.00 19.00  0.00 57.40 
4  12.00  0.00 13.00  0.00 19.00  0.00 20.00  0.00 56.42 
4  12.00  0.00 13.00  0.00 20.00  0.00 21.00  0.00 51.72 
4  12.00  0.00 13.00  0.00 21.00  0.00 22.00  0.00 45.25 
4  12.00  0.00 13.00  0.00 22.00  0.00 23.00  0.00 52.03 
4  13.00  0.00 14.00  0.00 15.00  0.00 16.00  0.00 103.43 
4  13.00  0.00 14.00  0.00 16.00  0.00 17.00  0.00 63.95 
4  13.00  0.00 14.00  0.00 17.00  0.00 18.00  0.00 52.07 
4  13.00  0.00 14.00  0.00 18.00  0.00 19.00  0.00 52.49 
4  13.00  0.00 14.00  0.00 19.00  0.00 20.00  0.00 52.29 
4  13.00  0.00 14.00  0.00 20.00  0.00 21.00  0.00 56.64 
4  13.00  0.00 14.00  0.00 21.00  0.00 22.00  0.00 46.94 
4  13.00  0.00 14.00  0.00 22.00  0.00 23.00  0.00 52.81 
4  14.00  0.00 15.00  0.00 16.00  0.00 17.00  0.00 107.83 
4  14.00  0.00 15.00  0.00 17.00  0.00 18.00  0.00 60.89 
4  14.00  0.00 15.00  0.00 18.00  0.00 19.00  0.00 51.32 
4  14.00  0.00 15.00  0.00 19.00  0.00 20.00  0.00 48.55 
4  14.00  0.00 15.00  0.00 20.00  0.00 21.00  0.00 46.94 
4  14.00  0.00 15.00  0.00 21.00  0.00 22.00  0.00 38.39 
4  14.00  0.00 15.00  0.00 22.00  0.00 23.00  0.00 39.47 
4  15.00  0.00 16.00  0.00 17.00  0.00 18.00  0.00 95.98 
4  15.00  0.00 16.00  0.00 18.00  0.00 19.00  0.00 61.50 
4  15.00  0.00 16.00  0.00 19.00  0.00 20.00  0.00 48.85 
4  15.00  0.00 16.00  0.00 20.00  0.00 21.00  0.00 49.42 
4  15.00  0.00 16.00  0.00 21.00  0.00 22.00  0.00 38.48 
4  15.00  0.00 16.00  0.00 22.00  0.00 23.00  0.00 39.41 
4  16.00  0.00 17.00  0.00 18.00  0.00 19.00  0.00 112.32 
4  16.00  0.00 17.00  0.00 19.00  0.00 20.00  0.00 65.17 
4  16.00  0.00 17.00  0.00 20.00  0.00 21.00  0.00 53.17 
4  16.00  0.00 17.00  0.00 21.00  0.00 22.00  0.00 43.30 
4  16.00  0.00 17.00  0.00 22.00  0.00 23.00  0.00 42.14 
4  17.00  0.00 18.00  0.00 19.00  0.00 20.00  0.00 100.58 
4  17.00  0.00 18.00  0.00 20.00  0.00 21.00  0.00 64.89 
4  17.00  0.00 18.00  0.00 21.00  0.00 22.00  0.00 44.43 
4  17.00  0.00 18.00  0.00 22.00  0.00 23.00  0.00 44.03 
4  18.00  0.00 19.00  0.00 20.00  0.00 21.00  0.00 104.55 
4  18.00  0.00 19.00  0.00 21.00  0.00 22.00  0.00 53.06 
4  18.00  0.00 19.00  0.00 22.00  0.00 23.00  0.00 43.84 
4  19.00  0.00 20.00  0.00 21.00  0.00 22.00  0.00 80.98 
4  19.00  0.00 20.00  0.00 22.00  0.00 23.00  0.00 48.59 
4  20.00  0.00 21.00  0.00 22.00  0.00 23.00  0.00 83.04 
4  13.00  0.00 14.00  0.00 23.00  0.00 24.00  0.00 120.03 
4  14.00  0.00 15.00  0.00 23.00  0.00 24.00  0.00 46.20 
4  14.00  0.00 15.00  0.00 24.00  0.00 25.00  0.00 126.86 
4  15.00  0.00 16.00  0.00 23.00  0.00 24.00  0.00 42.48 
4  15.00  0.00 16.00  0.00 24.00  0.00 25.00  0.00 49.39 
4  15.00  0.00 16.00  0.00 25.00  0.00 26.00  0.00 41.69 
4  16.00  0.00 17.00  0.00 23.00  0.00 24.00  0.00 39.31 
4  16.00  0.00 17.00  0.00 24.00  0.00 25.00  0.00 45.23 
4  16.00  0.00 17.00  0.00 25.00  0.00 26.00  0.00 44.09 
4  16.00  0.00 17.00  0.00 26.00  0.00 27.00  0.00 33.64 
4  17.00  0.00 18.00  0.00 23.00  0.00 24.00  0.00 37.31 
4  17.00  0.00 18.00  0.00 24.00  0.00 25.00  0.00 44.82 
4  17.00  0.00 18.00  0.00 25.00  0.00 26.00  0.00 33.96 
4  17.00  0.00 18.00  0.00 26.00  0.00 27.00  0.00 34.20 
4  17.00  0.00 18.00  0.00 27.00  0.00 28.00  0.00 42.06 
4  18.00  0.00 19.00  0.00 23.00  0.00 24.00  0.00 38.22 
4  18.00  0.00 19.00  0.00 24.00  0.00 25.00  0.00 39.89 
4  18.00  0.00 19.00  0.00 25.00  0.00 26.00  0.00 37.20 
4  18.00  0.00 19.00  0.00 26.00  0.00 27.00  0.00 39.31 
4  18.00  0.00 19.00  0.00 27.00  0.00 28.00  0.00 40.73 
4  18.00  0.00 19.00  0.00 28.00  0.00 29.00  0.00 57.71 
4  19.00  0.00 20.00  0.00 23.00  0.00 24.00  0.00 34.45 
4  19.00  0.00 20.00  0.00 24.00  0.00 25.00  0.00 34.86 
4  19.00  0.00 20.00  0.00 25.00  0.00 26.00  0.00 32.35 
4  19.00  0.00 20.00  0.00 26.00  0.00 27.00  0.00 38.06 
4  19.00  0.00 20.00  0.00 27.00  0.00 28.00  0.00 44.34 
4  19.00  0.00 20.00  0.00 28.00  0.00 29.00  0.00 29.58 
4  19.00  0.00 20.00  0.00 29.00  0.00 30.00  0.00 18.53 
4  20.00  0.00 21.00  0.00 23.00  0.00 24.00  0.00 44.57 
4  20.00  0.00 21.00  0.00 24.00  0.00 25.00  0.00 35.21 
4  20.00  0.00 21.00  0.00 25.00  0.00 26.00  0.00 31.90 
4  20.00  0.00 21.00  0.00 26.00  0.00 27.00  0.00 33.36 
4  20.00  0.00 21.00  0.00 27.00  0.00 28.00  0.00 33.39 
4  20.00  0.00 21.00  0.00 28.00  0.00 29.00  0.00 35.02 
4  20.00  0.00 21.00  0.00 29.00  0.00 30.00  0.00 35.69 
4  20.00  0.00 21.00  0.00 30.00  0.00 31.00  0.00 32.84 
4  21.00  0.00 22.00  0.00 23.00  0.00 24.00  0.00 73.54 
4  21.00  0.00 22.00  0.00 24.00  0.00 25.00  0.00 39.42 
4  21.00  0.00 22.00  0.00 25.00  0.00 26.00  0.00 31.97 
4  21.00  0.00 22.00  0.00 26.00  0.00 27.00  0.00 28.54 
4  21.00  0.00 22.00  0.00 27.00  0.00 28.00  0.00 27.00 
4  21.00  0.00 22.00  0.00 28.00  0.00 29.00  0.00 30.45 
4  21.00  0.00 22.00  0.00 29.00  0.00 30.00  0.00 34.67 
4  21.00  0.00 22.00  0.00 30.00  0.00 31.00  0.00 24.58 
4  21.00  0.00 22.00  0.00 31.00  0.00 32.00  0.00 29.37 
4  22.00  0.00 23.00  0.00 24.00  0.00 25.00  0.00 82.05 
4  22.00  0.00 23.00  0.00 25.00  0.00 26.00  0.00 48.09 
4  22.00  0.00 23.00  0.00 26.00  0.00 27.00  0.00 32.99 
4  22.00  0.00 23.00  0.00 27.00  0.00 28.00  0.00 27.68 
4  22.00  0.00 23.00  0.00 28.00  0.00 29.00  0.00 26.19 
4  22.00  0.00 23.00  0.00 29.00  0.00 30.00  0.00 21.06 
4  22.00  0.00 23.00  0.00 30.00  0.00 31.00  0.00 38.84 
4  22.00  0.00 23.00  0.00 31.00  0.00 32.00  0.00 38.53 
4  22.00  0.00 23.00  0.00 32.00  0.00 33.00  0.00 44.84 
4  23.00  0.00 24.00  0.00 25.00  0.00 26.00  0.00 107.14 
4  23.00  0.00 24.00  0.00 26.00  0.00 27.00  0.00 48.34 
4  23.00  0.00 24.00  0.00 27.00  0.00 28.00  0.00 27.58 
4  23.00  0.00 24.00  0.00 28.00  0.00 29.00  0.00 24.05 
4  23.00  0.00 24.00  0.00 29.00  0.00 30.00  0.00 17.81 
4  23.00  0.00 24.00  0.00 30.00  0.00 31.00  0.00 28.55 
4  23.00  0.00 24.00  0.00 31.00  0.00 32.00  0.00 5.03 
4  23.00  0.00 24.00  0.00 32.00  0.00 33.00  0.00 60.24 
4  23.00  0.00 24.00  0.00 33.00  0.00 34.00  0.00 165.82 
4  24.00  0.00 25.00  0.00 26.00  0.00 27.00  0.00 100.60 
4  24.00  0.00 25.00  0.00 27.00  0.00 28.00  0.00 41.43 
4  24.00  0.00 25.00  0.00 28.00  0.00 29.00  0.00 25.64 
4  24.00  0.00 25.00  0.00 29.00  0.00 30.00  0.00 24.92 
4  24.00  0.00 25.00  0.00 30.00  0.00 31.00  0.00 19.66 
4  24.00  0.00 25.00  0.00 31.00  0.00 32.00  0.00 34.47 
4  24.00  0.00 25.00  0.00 32.00  0.00 33.00  0.00 4.28 
4  24.00  0.00 25.00  0.00 33.00  0.00 34.00  0.00 186.10 
4  24.00  0.00 25.00  0.00 34.00  0.00 35.00  0.00 650.85 
4  25.00  0.00 26.00  0.00 27.00  0.00 28.00  0.00 87.32 
4  25.00  0.00 26.00  0.00 28.00  0.00 29.00  0.00 39.10 
4  25.00  0.00 26.00  0.00 29.00  0.00 30.00  0.00 21.69 
4  25.00  0.00 26.00  0.00 30.00  0.00 31.00  0.00 21.24 
4  25.00  0.00 26.00  0.00 31.00  0.00 32.00  0.00 22.16 
4  25.00  0.00 26.00  0.00 32.00  0.00 33.00  0.00 31.98 
4  25.00  0.00 26.00  0.00 33.00  0.00 34.00  0.00 30.45 
4  25.00  0.00 26.00  0.00 34.00  0.00 35.00  0.00 55.64 
4  26.00  0.00 27.00  0.00 28.00  0.00 29.00  0.00 112.14 
4  26.00  0.00 27.00  0.00 29.00  0.00 30.00  0.00 42.08 
4  26.00  0.00 27.00  0.00 30.00  0.00 31.00  0.00 26.07 
4  26.00  0.00 27.00  0.00 31.00  0.00 32.00  0.00 21.78 
4  26.00  0.00 27.00  0.00 32.00  0.00 33.00  0.00 22.25 
4  26.00  0.00 27.00  0.00 33.00  0.00 34.00  0.00 26.56 
4  26.00  0.00 27.00  0.00 34.00  0.00 35.00  0.00 45.04 
4  27.00  0.00 28.00  0.00 29.00  0.00 30.00  0.00 105.19 
4  27.00  0.00 28.00  0.00 30.00  0.00 31.00  0.00 42.83 
4  27.00  0.00 28.00  0.00 31.00  0.00 32.00  0.00 22.61 
4  27.00  0.00 28.00  0.00 32.00  0.00 33.00  0.00 14.86 
4  27.00  0.00 28.00  0.00 33.00  0.00 34.00  0.00 20.07 
4  27.00  0.00 28.00  0.00 34.00  0.00 35.00  0.00 22.54 
4  28.00  0.00 29.00  0.00 30.00  0.00 31.00  0.00 108.49 
4  28.00  0.00 29.00  0.00 31.00  0.00 32.00  0.00 41.05 
4  28.00  0.00 29.00  0.00 32.00  0.00 33.00  0.00 22.37 
4  28.00  0.00 29.00  0.00 33.00  0.00 34.00  0.00 18.51 
4  28.00  0.00 29.00  0.00 34.00  0.00 35.00  0.00 18.45 
4  29.00  0.00 30.00  0.00 31.00  0.00 32.00  0.00 100.07 
4  29.00  0.00 30.00  0.00 32.00  0.00 33.00  0.00 53.31 
4  29.00  0.00 30.00  0.00 33.00  0.00 34.00  0.00 22.29 
4  29.00  0.00 30.00  0.00 34.00  0.00 35.00  0.00 18.03 
4  30.00  0.00 31.00  0.00 32.00  0.00 33.00  0.00 108.61 
4  30.00  0.00 31.00  0.00 33.00  0.00 34.00  0.00 42.33 
4  30.00  0.00 31.00  0.00 34.00  0.00 35.00  0.00 22.81 
4  31.00  0.00 32.00  0.00 33.00  0.00 34.00  0.00 110.95 
4  31.00  0.00 32.00  0.00 34.00  0.00 35.00  0.00 51.80 
4  32.00  0.00 33.00  0.00 34.00  0.00 35.00  0.00 134.51 
4  25.00  0.00 26.00  0.00 35.00  0.00 36.00  0.00 28.28 
4  26.00  0.00 27.00  0.00 35.00  0.00 36.00  0.00 28.53 
4  26.00  0.00 27.00  0.00 36.00  0.00 37.00  0.00 22.66 
4  27.00  0.00 28.00  0.00 35.00  0.00 36.00  0.00 18.06 
4  27.00  0.00 28.00  0.00 36.00  0.00 37.00  0.00 18.64 
4  27.00  0.00 28.00  0.00 37.00  0.00 38.00  0.00 20.18 
4  28.00  0.00 29.00  0.00 35.00  0.00 36.00  0.00 16.19 
4  28.00  0.00 29.00  0.00 36.00  0.00 37.00  0.00 20.77 
4  28.00  0.00 29.00  0.00 37.00  0.00 38.00  0.00 33.97 
4  28.00  0.00 29.00  0.00 38.00  0.00 39.00  0.00 25.48 
4  29.00  0.00 30.00  0.00 35.00  0.00 36.00  0.00 17.10 
4  29.00  0.00 30.00  0.00 36.00  0.00 37.00  0.00 19.67 
4  29.00  0.00 30.00  0.00 37.00  0.00 38.00  0.00 18.89 
4  29.00  0.00 30.00  0.00 38.00  0.00 39.00  0.00 19.52 
4  29.00  0.00 30.00  0.00 39.00  0.00 40.00  0.00 23.90 
4  30.00  0.00 31.00  0.00 35.00  0.00 36.00  0.00 17.99 
4  30.00  0.00 31.00  0.00 36.00  0.00 37.00  0.00 14.04 
4  30.00  0.00 31.00  0.00 37.00  0.00 38.00  0.00 18.35 
4  30.00  0.00 31.00  0.00 38.00  0.00 39.00  0.00 20.15 
4  30.00  0.00 31.00  0.00 39.00  0.00 40.00  0.00 15.41 
4  30.00  0.00 31.00  0.00 40.00  0.00 41.00  0.00 19.76 
4  31.00  0.00 32.00  0.00 35.00  0.00 36.00  0.00 22.84 
4  31.00  0.00 32.00  0.00 36.00  0.00 37.00  0.00 15.88 
4  31.00  0.00 32.00  0.00 37.00  0.00 38.00  0.00 15.82 
4  31.00  0.00 32.00  0.00 38.00  0.00 39.00  0.00 16.11 
4  31.00  0.00 32.00  0.00 39.00  0.00 40.00  0.00 12.22 
4  31.00  0.00 32.00  0.00 40.00  0.00 41.00  0.00 21.20 
4  31.00  0.00 32.00  0.00 41.00  0.00 42.00  0.00 19.26 
4  32.00  0.00 33.00  0.00 35.00  0.00 36.00  0.00 53.14 
4  32.00  0.00 33.00  0.00 36.00  0.00 37.00  0.00 23.26 
4  32.00  0.00 33.00  0.00 37.00  0.00 38.00  0.00 16.75 
4  32.00  0.00 33.00  0.00 38.00  0.00 39.00  0.00 17.04 
4  32.00  0.00 33.00  0.00 39.00  0.00 40.00  0.00 11.49 
4  32.00  0.00 33.00  0.00 40.00  0.00 41.00  0.00 9.21 
4  32.00  0.00 33.00  0.00 41.00  0.00 42.00  0.00 8.10 
4  32.00  0.00 33.00  0.00 42.00  0.00 43.00  0.00 2.96 
4  33.00  0.00 34.00  0.00 35.00  0.00 36.00  0.00 116.11 
4  33.00  0.00 34.00  0.00 36.00  0.00 37.00  0.00 44.13 
4  33.00  0.00 34.00  0.00 37.00  0.00 38.00  0.00 25.58 
4  33.00  0.00 34.00  0.00 38.00  0.00 39.00  0.00 15.02 
4  33.00  0.00 34.00  0.00 39.00  0.00 40.00  0.00 14.59 
4  33.00  0.00 34.00  0.00 40.00  0.00 41.00  0.00 13.71 
4  33.00  0.00 34.00  0.00 41.00  0.00 42.00  0.00 10.69 
4  33.00  0.00 34.00  0.00 42.00  0.00 43.00  0.00 20.43 
4  33.00  0.00 34.00  0.00 43.00  0.00 44.00  0.00 23.75 
4  34.00  0.00 35.00  0.00 36.00  0.00 37.00  0.00 109.44 
4  34.00  0.00 35.00  0.00 37.00  0.00 38.00  0.00 48.61 
4  34.00  0.00 35.00  0.00 38.00  0.00 39.00  0.00 25.78 
4  34.00  0.00 35.00  0.00 39.00  0.00 40.00  0.00 14.51 
4  34.00  0.00 35.00  0.00 40.00  0.00 41.00  0.00 16.12 
4  34.00  0.00 35.00  0.00 41.00  0.00 42.00  0.00 12.79 
4  34.00  0.00 35.00  0.00 42.00  0.00 43.00  0.00 19.60 
4  34.00  0.00 35.00  0.00 43.00  0.00 44.00  0.00 32.03 
4  34.00  0.00 35.00  0.00 44.00  0.00 45.00  0.00 1.71 
4  35.00  0.00 36.00  0.00 37.00  0.00 38.00  0.00 125.54 
4  35.00  0.00 36.00  0.00 38.00  0.00 39.00  0.00 65.30 
4  35.00  0.00 36.00  0.00 39.00  0.00 40.00  0.00 24.66 
4  35.00  0.00 36.00  0.00 40.00  0.00 41.00  0.00 16.63 
4  35.00  0.00 36.00  0.00 41.00  0.00 42.00  0.00 13.42 
4  35.00  0.00 36.00  0.00 42.00  0.00 43.00  0.00 13.81 
4  35.00  0.00 36.00  0.00 43.00  0.00 44.00  0.00 15.31 
4  35.00  0.00 36.00  0.00 44.00  0.00 45.00  0.00 21.34 
4  35.00  0.00 36.00  0.00 45.00  0.00 46.00  0.00 22.29 
4  36.00  0.00 37.00  0.00 38.00  0.00 39.00  0.00 143.46 
4  36.00  0.00 37.00  0.00 39.00  0.00 40.00  0.00 51.16 
4  36.00  0.00 37.00  0.00 40.00  0.00 41.00  0.00 23.68 
4  36.00  0.00 37.00  0.00 41.00  0.00 42.00  0.00 14.15 
4  36.00  0.00 37.00  0.00 42.00  0.00 43.00  0.00 17.34 
4  36.00  0.00 37.00  0.00 43.00  0.00 44.00  0.00 7.52 
4  36.00  0.00 37.00  0.00 44.00  0.00 45.00  0.00 33.85 
4  36.00  0.00 37.00  0.00 45.00  0.00 46.00  0.00 143.09 
4  36.00  0.00 37.00  0.00 46.00  0.00 47.00  0.00 516.16 
4  37.00  0.00 38.00  0.00 39.00  0.00 40.00  0.00 109.26 
4  37.00  0.00 38.00  0.00 40.00  0.00 41.00  0.00 48.04 
4  37.00  0.00 38.00  0.00 41.00  0.00 42.00  0.00 23.52 
4  37.00  0.00 38.00  0.00 42.00  0.00 43.00  0.00 12.40 
4  37.00  0.00 38.00  0.00 43.00  0.00 44.00  0.00 14.59 
4  37.00  0.00 38.00  0.00 44.00  0.00 45.00  0.00 10.05 
4  37.00  0.00 38.00  0.00 45.00  0.00 46.00  0.00 97.97 
4  37.00  0.00 38.00  0.00 46.00  0.00 47.00  0.00 220.12 
4  38.00  0.00 39.00  0.00 40.00  0.00 41.00  0.00 131.10 
4  38.00  0.00 39.00  0.00 41.00  0.00 42.00  0.00 56.59 
4  38.00  0.00 39.00  0.00 42.00  0.00 43.00  0.00 26.94 
4  38.00  0.00 39.00  0.00 43.00  0.00 44.00  0.00 17.37 
4  38.00  0.00 39.00  0.00 44.00  0.00 45.00  0.00 12.47 
4  38.00  0.00 39.00  0.00 45.00  0.00 46.00  0.00 20.68 
4  38.00  0.00 39.00  0.00 46.00  0.00 47.00  0.00 23.75 
4  39.00  0.00 40.00  0.00 41.00  0.00 42.00  0.00 116.41 
4  39.00  0.00 40.00  0.00 42.00  0.00 43.00  0.00 54.69 
4  39.00  0.00 40.00  0.00 43.00  0.00 44.00  0.00 23.69 
4  39.00  0.00 40.00  0.00 44.00  0.00 45.00  0.00 15.86 
4  39.00  0.00 40.00  0.00 45.00  0.00 46.00  0.00 11.30 
4  39.00  0.00 40.00  0.00 46.00  0.00 47.00  0.00 16.89 
4  40.00  0.00 41.00  0.00 42.00  0.00 43.00  0.00 134.71 
4  40.00  0.00 41.00  0.00 43.00  0.00 44.00  0.00 62.27 
4  40.00  0.00 41.00  0.00 44.00  0.00 45.00  0.00 32.22 
4  40.00  0.00 41.00  0.00 45.00  0.00 46.00  0.00 15.45 
4  40.00  0.00 41.00  0.00 46.00  0.00 47.00  0.00 13.02 
4  41.00  0.00 42.00  0.00 43.00  0.00 44.00  0.00 133.72 
4  41.00  0.00 42.00  0.00 44.00  0.00 45.00  0.00 89.59 
4  41.00  0.00 42.00  0.00 45.00  0.00 46.00  0.00 32.66 
4  41.00  0.00 42.00  0.00 46.00  0.00 47.00  0.00 22.00 
4  42.00  0.00 43.00  0.00 44.00  0.00 45.00  0.00 155.13 
4  42.00  0.00 43.00  0.00 45.00  0.00 46.00  0.00 73.75 
4  42.00  0.00 43.00  0.00 46.00  0.00 47.00  0.00 40.09 
4  43.00  0.00 44.00  0.00 45.00  0.00 46.00  0.00 131.16 
4  43.00  0.00 44.00  0.00 46.00  0.00 47.00  0.00 85.54 
4  44.00  0.00 45.00  0.00 46.00  0.00 47.00  0.00 155.93 
4  37.00  0.00 38.00  0.00 47.00  0.00 48.00  0.00 20.55 
4  38.00  0.00 39.00  0.00 47.00  0.00 48.00  0.00 20.75 
4  38.00  0.00 39.00  0.00 48.00  0.00 49.00  0.00 29.63 
4  39.00  0.00 40.00  0.00 47.00  0.00 48.00  0.00 16.69 
4  39.00  0.00 40.00  0.00 48.00  0.00 49.00  0.00 24.88 
4  39.00  0.00 40.00  0.00 49.00  0.00 50.00  0.00 26.33 
4  40.00  0.00 41.00  0.00 47.00  0.00 48.00  0.00 16.90 
4  40.00  0.00 41.00  0.00 48.00  0.00 49.00  0.00 21.03 
4  40.00  0.00 41.00  0.00 49.00  0.00 50.00  0.00 17.46 
4  40.00  0.00 41.00  0.00 50.00  0.00 51.00  0.00 18.14 
4  41.00  0.00 42.00  0.00 47.00  0.00 48.00  0.00 19.18 
4  41.00  0.00 42.00  0.00 48.00  0.00 49.00  0.00 22.63 
4  41.00  0.00 42.00  0.00 49.00  0.00 50.00  0.00 20.35 
4  41.00  0.00 42.00  0.00 50.00  0.00 51.00  0.00 17.09 
4  41.00  0.00 42.00  0.00 51.00  0.00 52.00  0.00 11.39 
4  42.00  0.00 43.00  0.00 47.00  0.00 48.00  0.00 25.04 
4  42.00  0.00 43.00  0.00 48.00  0.00 49.00  0.00 20.91 
4  42.00  0.00 43.00  0.00 49.00  0.00 50.00  0.00 17.84 
4  42.00  0.00 43.00  0.00 50.00  0.00 51.00  0.00 12.31 
4  42.00  0.00 43.00  0.00 51.00  0.00 52.00  0.00 14.94 
4  42.00  0.00 43.00  0.00 52.00  0.00 53.00  0.00 32.19 
4  43.00  0.00 44.00  0.00 47.00  0.00 48.00  0.00 40.45 
4  43.00  0.00 44.00  0.00 48.00  0.00 49.00  0.00 27.07 
4  43.00  0.00 44.00  0.00 49.00  0.00 50.00  0.00 19.30 
4  43.00  0.00 44.00  0.00 50.00  0.00 51.00  0.00 16.18 
4  43.00  0.00 44.00  0.00 51.00  0.00 52.00  0.00 18.42 
4  43.00  0.00 44.00  0.00 52.00  0.00 53.00  0.00 23.18 
4  43.00  0.00 44.00  0.00 53.00  0.00 54.00  0.00 23.29 
4  44.00  0.00 45.00  0.00 47.00  0.00 48.00  0.00 90.82 
4  44.00  0.00 45.00  0.00 48.00  0.00 49.00  0.00 52.72 
4  44.00  0.00 45.00  0.00 49.00  0.00 50.00  0.00 28.88 
4  44.00  0.00 45.00  0.00 50.00  0.00 51.00  0.00 18.23 
4  44.00  0.00 45.00  0.00 51.00  0.00 52.00  0.00 14.31 
4  44.00  0.00 45.00  0.00 52.00  0.00 53.00  0.00 23.95 
4  44.00  0.00 45.00  0.00 53.00  0.00 54.00  0.00 28.45 
4  44.00  0.00 45.00  0.00 54.00  0.00 55.00  0.00 22.23 
4  45.00  0.00 46.00  0.00 47.00  0.00 48.00  0.00 178.35 
4  45.00  0.00 46.00  0.00 48.00  0.00 49.00  0.00 114.31 
4  45.00  0.00 46.00  0.00 49.00  0.00 50.00  0.00 56.06 
4  45.00  0.00 46.00  0.00 50.00  0.00 51.00  0.00 28.44 
4  45.00  0.00 46.00  0.00 51.00  0.00 52.00  0.00 19.18 
4  45.00  0.00 46.00  0.00 52.00  0.00 53.00  0.00 21.11 
4  45.00  0.00 46.00  0.00 53.00  0.00 54.00  0.00 23.52 
4  45.00  0.00 46.00  0.00 54.00  0.00 55.00  0.00 23.93 
4  45.00  0.00 46.00  0.00 55.00  0.00 56.00  0.00 35.00 
4  46.00  0.00 47.00  0.00 48.00  0.00 49.00  0.00 178.67 
4  46.00  0.00 47.00  0.00 49.00  0.00 50.00  0.00 104.53 
4  46.00  0.00 47.00  0.00 50.00  0.00 51.00  0.00 47.53 
4  46.00  0.00 47.00  0.00 51.00  0.00 52.00  0.00 26.45 
4  46.00  0.00 47.00  0.00 52.00  0.00 53.00  0.00 19.81 
4  46.00  0.00 47.00  0.00 53.00  0.00 54.00  0.00 18.15 
4  46.00  0.00 47.00  0.00 54.00  0.00 55.00  0.00 20.06 
4  46.00  0.00 47.00  0.00 55.00  0.00 56.00  0.00 24.89 
4  46.00  0.00 47.00  0.00 56.00  0.00 57.00  0.00 45.66 
4  47.00  0.00 48.00  0.00 49.00  0.00 50.00  0.00 183.07 
4  47.00  0.00 48.00  0.00 50.00  0.00 51.00  0.00 100.26 
4  47.00  0.00 48.00  0.00 51.00  0.00 52.00  0.00 49.96 
4  47.00  0.00 48.00  0.00 52.00  0.00 53.00  0.00 30.70 
4  47.00  0.00 48.00  0.00 53.00  0.00 54.00  0.00 23.82 
4  47.00  0.00 48.00  0.00 54.00  0.00 55.00  0.00 30.09 
4  47.00  0.00 48.00  0.00 55.00  0.00 56.00  0.00 21.98 
4  47.00  0.00 48.00  0.00 56.00  0.00 57.00  0.00 20.52 
4  47.00  0.00 48.00  0.00 57.00  0.00 58.00  0.00 44.52 
4  48.00  0.00 49.00  0.00 50.00  0.00 51.00  0.00 157.74 
4  48.00  0.00 49.00  0.00 51.00  0.00 52.00  0.00 91.39 
4  48.00  0.00 49.00  0.00 52.00  0.00 53.00  0.00 54.64 
4  48.00  0.00 49.00  0.00 53.00  0.00 54.00  0.00 32.34 
4  48.00  0.00 49.00  0.00 54.00  0.00 55.00  0.00 24.67 
4  48.00  0.00 49.00  0.00 55.00  0.00 56.00  0.00 32.25 
4  48.00  0.00 49.00  0.00 56.00  0.00 57.00  0.00 27.28 
4  48.00  0.00 49.00  0.00 57.00  0.00 58.00  0.00 30.24 
4  48.00  0.00 49.00  0.00 58.00  0.00 59.00  0.00 37.64 
4  49.00  0.00 50.00  0.00 51.00  0.00 52.00  0.00 132.20 
4  49.00  0.00 50.00  0.00 52.00  0.00 53.00  0.00 92.89 
4  49.00  0.00 50.00  0.00 53.00  0.00 54.00  0.00 50.42 
4  49.00  0.00 50.00  0.00 54.00  0.00 55.00  0.00 31.40 
4  49.00  0.00 50.00  0.00 55.00  0.00 56.00  0.00 16.96 
4  49.00  0.00 50.00  0.00 56.00  0.00 57.00  0.00 51.04 
4  49.00  0.00 50.00  0.00 57.00  0.00 58.00  0.00 31.49 
4  49.00  0.00 50.00  0.00 58.00  0.00 59.00  0.00 23.96 
4  50.00  0.00 51.00  0.00 52.00  0.00 53.00  0.00 143.14 
4  50.00  0.00 51.00  0.00 53.00  0.00 54.00  0.00 88.55 
4  50.00  0.00 51.00  0.00 54.00  0.00 55.00  0.00 47.92 
4  50.00  0.00 51.00  0.00 55.00  0.00 56.00  0.00 42.17 
4  50.00  0.00 51.00  0.00 56.00  0.00 57.00  0.00 12.89 
4  50.00  0.00 51.00  0.00 57.00  0.00 58.00  0.00 28.72 
4  50.00  0.00 51.00  0.00 58.00  0.00 59.00  0.00 28.89 
4  51.00  0.00 52.00  0.00 53.00  0.00 54.00  0.00 129.43 
4  51.00  0.00 52.00  0.00 54.00  0.00 55.00  0.00 78.97 
4  51.00  0.00 52.00  0.00 55.00  0.00 56.00  0.00 50.09 
4  51.00  0.00 52.00  0.00 56.00  0.00 57.00  0.00 36.15 
4  51.00  0.00 52.00  0.00 57.00  0.00 58.00  0.00 31.38 
4  51.00  0.00 52.00  0.00 58.00  0.00 59.00  0.00 29.81 
4  52.00  0.00 53.00  0.00 54.00  0.00 55.00  0.00 125.03 
4  52.00  0.00 53.00  0.00 55.00  0.00 56.00  0.00 85.97 
4  52.00  0.00 53.00  0.00 56.00  0.00 57.00  0.00 51.88 
4  52.00  0.00 53.00  0.00 57.00  0.00 58.00  0.00 36.40 
4  52.00  0.00 53.00  0.00 58.00  0.00 59.00  0.00 34.48 
4  53.00  0.00 54.00  0.00 55.00  0.00 56.00  0.00 128.99 
4  53.00  0.00 54.00  0.00 56.00  0.00 57.00  0.00 87.71 
4  53.00  0.00 54.00  0.00 57.00  0.00 58.00  0.00 47.30 
4  53.00  0.00 54.00  0.00 58.00  0.00 59.00  0.00 37.90 
4  54.00  0.00 55.00  0.00 56.00  0.00 57.00  0.00 132.02 
4  54.00  0.00 55.00  0.00 57.00  0.00 58.00  0.00 77.03 
4  54.00  0.00 55.00  0.00 58.00  0.00 59.00  0.00 47.90 
4  55.00  0.00 56.00  0.00 57.00  0.00 58.00  0.00 138.53 
4  55.00  0.00 56.00  0.00 58.00  0.00 59.00  0.00 81.33 
4  56.00  0.00 57.00  0.00 58.00  0.00 59.00  0.00 152.31 
4  49.00  0.00 50.00  0.00 59.00  0.00 60.00  0.00 37.53 
4  50.00  0.00 51.00  0.00 59.00  0.00 60.00  0.00 32.12 
4  50.00  0.00 51.00  0.00 60.00  0.00 61.00  0.00 48.40 
4  51.00  0.00 52.00  0.00 59.00  0.00 60.00  0.00 27.39 
4  51.00  0.00 52.00  0.00 60.00  0.00 61.00  0.00 51.45 
4  51.00  0.00 52.00  0.00 61.00  0.00 62.00  0.00 40.20 
4  52.00  0.00 53.00  0.00 59.00  0.00 60.00  0.00 34.43 
4  52.00  0.00 53.00  0.00 60.00  0.00 61.00  0.00 38.55 
4  52.00  0.00 53.00  0.00 61.00  0.00 62.00  0.00 32.71 
4  52.00  0.00 53.00  0.00 62.00  0.00 63.00  0.00 39.16 
4  53.00  0.00 54.00  0.00 59.00  0.00 60.00  0.00 37.64 
4  53.00  0.00 54.00  0.00 60.00  0.00 61.00  0.00 34.98 
4  53.00  0.00 54.00  0.00 61.00  0.00 62.00  0.00 37.22 
4  53.00  0.00 54.00  0.00 62.00  0.00 63.00  0.00 53.78 
4  53.00  0.00 54.00  0.00 63.00  0.00 64.00  0.00 62.26 
4  54.00  0.00 55.00  0.00 59.00  0.00 60.00  0.00 40.78 
4  54.00  0.00 55.00  0.00 60.00  0.00 61.00  0.00 37.00 
4  54.00  0.00 55.00  0.00 61.00  0.00 62.00  0.00 38.34 
4  54.00  0.00 55.00  0.00 62.00  0.00 63.00  0.00 39.98 
4  54.00  0.00 55.00  0.00 63.00  0.00 64.00  0.00 43.51 
4  54.00  0.00 55.00  0.00 64.00  0.00 65.00  0.00 37.42 
4  55.00  0.00 56.00  0.00 59.00  0.00 60.00  0.00 53.86 
4  55.00  0.00 56.00  0.00 60.00  0.00 61.00  0.00 44.27 
4  55.00  0.00 56.00  0.00 61.00  0.00 62.00  0.00 41.83 
4  55.00  0.00 56.00  0.00 62.00  0.00 63.00  0.00 42.25 
4  55.00  0.00 56.00  0.00 63.00  0.00 64.00  0.00 48.86 
4  55.00  0.00 56.00  0.00 64.00  0.00 65.00  0.00 49.97 
4  55.00  0.00 56.00  0.00 65.00  0.00 66.00  0.00 66.73 
4  56.00  0.00 57.00  0.00 59.00  0.00 60.00  0.00 89.35 
4  56.00  0.00 57.00  0.00 60.00  0.00 61.00  0.00 55.28 
4  56.00  0.00 57.00  0.00 61.00  0.00 62.00  0.00 47.86 
4  56.00  0.00 57.00  0.00 62.00  0.00 63.00  0.00 44.97 
4  56.00  0.00 57.00  0.00 63.00  0.00 64.00  0.00 42.13 
4  56.00  0.00 57.00  0.00 64.00  0.00 65.00  0.00 52.16 
4  56.00  0.00 57.00  0.00 65.00  0.00 66.00  0.00 43.05 
4  56.00  0.00 57.00  0.00 66.00  0.00 67.00  0.00 43.88 
4  57.00  0.00 58.00  0.00 59.00  0.00 60.00  0.00 142.28 
4  57.00  0.00 58.00  0.00 60.00  0.00 61.00  0.00 75.65 
4  57.00  0.00 58.00  0.00 61.00  0.00 62.00  0.00 48.92 
4  57.00  0.00 58.00  0.00 62.00  0.00 63.00  0.00 52.86 
4  57.00  0.00 58.00  0.00 63.00  0.00 64.00  0.00 47.24 
4  57.00  0.00 58.00  0.00 64.00  0.00 65.00  0.00 37.29 
4  57.00  0.00 58.00  0.00 65.00  0.00 66.00  0.00 50.52 
4  57.00  0.00 58.00  0.00 66.00  0.00 67.00  0.00 66.04 
4  57.00  0.00 58.00  0.00 67.00  0.00 68.00  0.00 53.68 
4  58.00  0.00 59.00  0.00 60.00  0.00 61.00  0.00 134.06 
4  58.00  0.00 59.00  0.00 61.00  0.00 62.00  0.00 72.13 
4  58.00  0.00 59.00  0.00 62.00  0.00 63.00  0.00 59.52 
4  58.00  0.00 59.00  0.00 63.00  0.00 64.00  0.00 55.78 
4  58.00  0.00 59.00  0.00 64.00  0.00 65.00  0.00 51.40 
4  58.00  0.00 59.00  0.00 65.00  0.00 66.00  0.00 57.93 
4  58.00  0.00 59.00  0.00 66.00  0.00 67.00  0.00 55.24 
4  58.00  0.00 59.00  0.00 67.00  0.00 68.00  0.00 56.12 
4  58.00  0.00 59.00  0.00 68.00  0.00 69.00  0.00 64.61 
4  59.00  0.00 60.00  0.00 61.00  0.00 62.00  0.00 143.96 
4  59.00  0.00 60.00  0.00 62.00  0.00 63.00  0.00 85.18 
4  59.00  0.00 60.00  0.00 63.00  0.00 64.00  0.00 66.99 
4  59.00  0.00 60.00  0.00 64.00  0.00 65.00  0.00 58.90 
4  59.00  0.00 60.00  0.00 65.00  0.00 66.00  0.00 59.37 
4  59.00  0.00 60.00  0.00 66.00  0.00 67.00  0.00 57.41 
4  59.00  0.00 60.00  0.00 67.00  0.00 68.00  0.00 55.29 
4  59.00  0.00 60.00  0.00 68.00  0.00 69.00  0.00 53.46 
4  59.00  0.00 60.00  0.00 69.00  0.00 70.00  0.00 57.99 
4  60.00  0.00 61.00  0.00 62.00  0.00 63.00  0.00 138.93 
4  60.00  0.00 61.00  0.00 63.00  0.00 64.00  0.00 86.47 
4  60.00  0.00 61.00  0.00 64.00  0.00 65.00  0.00 64.40 
4  60.00  0.00 61.00  0.00 65.00  0.00 66.00  0.00 63.06 
4  60.00  0.00 61.00  0.00 66.00  0.00 67.00  0.00 56.04 
4  60.00  0.00 61.00  0.00 67.00  0.00 68.00  0.00 49.99 
4  60.00  0.00 61.00  0.00 68.00  0.00 69.00  0.00 63.57 
4  60.00  0.00 61.00  0.00 69.00  0.00 70.00  0.00 121.10 
4  60.00  0.00 61.00  0.00 70.00  0.00 71.00  0.00 147.10 
4  61.00  0.00 62.00  0.00 63.00  0.00 64.00  0.00 136.94 
4  61.00  0.00 62.00  0.00 64.00  0.00 65.00  0.00 85.08 
4  61.00  0.00 62.00  0.00 65.00  0.00 66.00  0.00 72.85 
4  61.00  0.00 62.00  0.00 66.00  0.00 67.00  0.00 65.29 
4  61.00  0.00 62.00  0.00 67.00  0.00 68.00  0.00 67.98 
4  61.00  0.00 62.00  0.00 68.00  0.00 69.00  0.00 52.89 
4  61.00  0.00 62.00  0.00 69.00  0.00 70.00  0.00 124.13 
4  61.00  0.00 62.00  0.00 70.00  0.00 71.00  0.00 267.88 
4  62.00  0.00 63.00  0.00 64.00  0.00 65.00  0.00 135.81 
4  62.00  0.00 63.00  0.00 65.00  0.00 66.00  0.00 98.54 
4  62.00  0.00 63.00  0.00 66.00  0.00 67.00  0.00 81.88 
4  62.00  0.00 63.00  0.00 67.00  0.00 68.00  0.00 72.81 
4  62.00  0.00 63.00  0.00 68.00  0.00 69.00  0.00 75.69 
4  62.00  0.00 63.00  0.00 69.00  0.00 70.00  0.00 68.57 
4  62.00  0.00 63.00  0.00 70.00  0.00 71.00  0.00 70.97 
4  63.00  0.00 64.00  0.00 65.00  0.00 66.00  0.00 157.40 
4  63.00  0.00 64.00  0.00 66.00  0.00 67.00  0.00 110.00 
4  63.00  0.00 64.00  0.00 67.00  0.00 68.00  0.00 87.95 
4  63.00  0.00 64.00  0.00 68.00  0.00 69.00  0.00 83.88 
4  63.00  0.00 64.00  0.00 69.00  0.00 70.00  0.00 78.90 
4  63.00  0.00 64.00  0.00 70.00  0.00 71.00  0.00 72.14 
4  64.00  0.00 65.00  0.00 66.00  0.00 67.00  0.00 164.78 
4  64.00  0.00 65.00  0.00 67.00  0.00 68.00  0.00 110.39 
4  64.00  0.00 65.00  0.00 68.00  0.00 69.00  0.00 91.57 
4  64.00  0.00 65.00  0.00 69.00  0.00 70.00  0.00 79.94 
4  64.00  0.00 65.00  0.00 70.00  0.00 71.00  0.00 75.61 
4  65.00  0.00 66.00  0.00 67.00  0.00 68.00  0.00 173.82 
4  65.00  0.00 66.00  0.00 68.00  0.00 69.00  0.00 127.67 
4  65.00  0.00 66.00  0.00 69.00  0.00 70.00  0.00 87.73 
4  65.00  0.00 66.00  0.00 70.00  0.00 71.00  0.00 83.73 
4  66.00  0.00 67.00  0.00 68.00  0.00 69.00  0.00 186.68 
4  66.00  0.00 67.00  0.00 69.00  0.00 70.00  0.00 125.10 
4  66.00  0.00 67.00  0.00 70.00  0.00 71.00  0.00 91.31 
4  67.00  0.00 68.00  0.00 69.00  0.00 70.00  0.00 168.66 
4  67.00  0.00 68.00  0.00 70.00  0.00 71.00  0.00 127.59 
4  68.00  0.00 69.00  0.00 70.00  0.00 71.00  0.00 170.61 
4  61.00  0.00 62.00  0.00 71.00  0.00 72.00  0.00 52.85 
4  62.00  0.00 63.00  0.00 71.00  0.00 72.00  0.00 41.82 
4  62.00  0.00 63.00  0.00 72.00  0.00 73.00  0.00 66.55 
4  63.00  0.00 64.00  0.00 71.00  0.00 72.00  0.00 97.74 
4  63.00  0.00 64.00  0.00 72.00  0.00 73.00  0.00 83.73 
4  63.00  0.00 64.00  0.00 73.00  0.00 74.00  0.00 72.85 
4  64.00  0.00 65.00  0.00 71.00  0.00 72.00  0.00 78.42 
4  64.00  0.00 65.00  0.00 72.00  0.00 73.00  0.00 75.85 
4  64.00  0.00 65.00  0.00 73.00  0.00 74.00  0.00 78.51 
4  64.00  0.00 65.00  0.00 74.00  0.00 75.00  0.00 66.51 
4  65.00  0.00 66.00  0.00 71.00  0.00 72.00  0.00 81.68 
4  65.00  0.00 66.00  0.00 72.00  0.00 73.00  0.00 79.99 
4  65.00  0.00 66.00  0.00 73.00  0.00 74.00  0.00 78.81 
4  65.00  0.00 66.00  0.00 74.00  0.00 75.00  0.00 77.38 
4  65.00  0.00 66.00  0.00 75.00  0.00 76.00  0.00 79.44 
4  66.00  0.00 67.00  0.00 71.00  0.00 72.00  0.00 85.49 
4  66.00  0.00 67.00  0.00 72.00  0.00 73.00  0.00 82.75 
4  66.00  0.00 67.00  0.00 73.00  0.00 74.00  0.00 78.90 
4  66.00  0.00 67.00  0.00 74.00  0.00 75.00  0.00 86.97 
4  66.00  0.00 67.00  0.00 75.00  0.00 76.00  0.00 96.45 
4  66.00  0.00 67.00  0.00 76.00  0.00 77.00  0.00 98.07 
4  67.00  0.00 68.00  0.00 71.00  0.00 72.00  0.00 89.15 
4  67.00  0.00 68.00  0.00 72.00  0.00 73.00  0.00 80.79 
4  67.00  0.00 68.00  0.00 73.00  0.00 74.00  0.00 74.70 
4  67.00  0.00 68.00  0.00 74.00  0.00 75.00  0.00 85.49 
4  67.00  0.00 68.00  0.00 75.00  0.00 76.00  0.00 93.40 
4  67.00  0.00 68.00  0.00 76.00  0.00 77.00  0.00 88.45 
4  67.00  0.00 68.00  0.00 77.00  0.00 78.00  0.00 86.73 
4  68.00  0.00 69.00  0.00 71.00  0.00 72.00  0.00 112.52 
4  68.00  0.00 69.00  0.00 72.00  0.00 73.00  0.00 87.14 
4  68.00  0.00 69.00  0.00 73.00  0.00 74.00  0.00 80.73 
4  68.00  0.00 69.00  0.00 74.00  0.00 75.00  0.00 83.33 
4  68.00  0.00 69.00  0.00 75.00  0.00 76.00  0.00 97.88 
4  68.00  0.00 69.00  0.00 76.00  0.00 77.00  0.00 92.74 
4  68.00  0.00 69.00  0.00 77.00  0.00 78.00  0.00 86.33 
4  68.00  0.00 69.00  0.00 78.00  0.00 79.00  0.00 85.55 
4  69.00  0.00 70.00  0.00 71.00  0.00 72.00  0.00 143.91 
4  69.00  0.00 70.00  0.00 72.00  0.00 73.00  0.00 96.52 
4  69.00  0.00 70.00  0.00 73.00  0.00 74.00  0.00 78.17 
4  69.00  0.00 70.00  0.00 74.00  0.00 75.00  0.00 75.93 
4  69.00  0.00 70.00  0.00 75.00  0.00 76.00  0.00 89.33 
4  69.00  0.00 70.00  0.00 76.00  0.00 77.00  0.00 90.12 
4  69.00  0.00 70.00  0.00 77.00  0.00 78.00  0.00 84.74 
4  69.00  0.00 70.00  0.00 78.00  0.00 79.00  0.00 88.95 
4  69.00  0.00 70.00  0.00 79.00  0.00 80.00  0.00 100.92 
4  70.00  0.00 71.00  0.00 72.00  0.00 73.00  0.00 129.25 
4  70.00  0.00 71.00  0.00 73.00  0.00 74.00  0.00 86.35 
4  70.00  0.00 71.00  0.00 74.00  0.00 75.00  0.00 76.35 
4  70.00  0.00 71.00  0.00 75.00  0.00 76.00  0.00 87.19 
4  70.00  0.00 71.00  0.00 76.00  0.00 77.00  0.00 91.76 
4  70.00  0.00 71.00  0.00 77.00  0.00 78.00  0.00 90.07 
4  70.00  0.00 71.00  0.00 78.00  0.00 79.00  0.00 87.70 
4  70.00  0.00 71.00  0.00 79.00  0.00 80.00  0.00 93.24 
4  70.00  0.00 71.00  0.00 80.00  0.00 81.00  0.00 103.37 
4  71.00  0.00 72.00  0.00 73.00  0.00 74.00  0.00 120.00 
4  71.00  0.00 72.00  0.00 74.00  0.00 75.00  0.00 82.28 
4  71.00  0.00 72.00  0.00 75.00  0.00 76.00  0.00 86.03 
4  71.00  0.00 72.00  0.00 76.00  0.00 77.00  0.00 91.15 
4  71.00  0.00 72.00  0.00 77.00  0.00 78.00  0.00 87.78 
4  71.00  0.00 72.00  0.00 78.00  0.00 79.00  0.00 93.68 
4  71.00  0.00 72.00  0.00 79.00  0.00 80.00  0.00 95.36 
4  71.00  0.00 72.00  0.00 80.00  0.00 81.00  0.00 88.51 
4  71.00  0.00 72.00  0.00 81.00  0.00 82.00  0.00 96.82 
4  72.00  0.00 73.00  0.00 74.00  0.00 75.00  0.00 122.89 
4  72.00  0.00 73.00  0.00 75.00  0.00 76.00  0.00 92.08 
4  72.00  0.00 73.00  0.00 76.00  0.00 77.00  0.00 86.54 
4  72.00  0.00 73.00  0.00 77.00  0.00 78.00  0.00 77.31 
4  72.00  0.00 73.00  0.00 78.00  0.00 79.00  0.00 92.13 
4  72.00  0.00 73.00  0.00 79.00  0.00 80.00  0.00 103.70 
4  72.00  0.00 73.00  0.00 80.00  0.00 81.00  0.00 101.40 
4  72.00  0.00 73.00  0.00 81.00  0.00 82.00  0.00 64.52 
4  72.00  0.00 73.00  0.00 82.00  0.00 83.00  0.00 347.72 
4  73.00  0.00 74.00  0.00 75.00  0.00 76.00  0.00 150.73 
4  73.00  0.00 74.00  0.00 76.00  0.00 77.00  0.00 98.21 
4  73.00  0.00 74.00  0.00 77.00  0.00 78.00  0.00 85.59 
4  73.00  0.00 74.00  0.00 78.00  0.00 79.00  0.00 83.42 
4  73.00  0.00 74.00  0.00 79.00  0.00 80.00  0.00 88.66 
4  73.00  0.00 74.00  0.00 80.00  0.00 81.00  0.00 93.49 
4  73.00  0.00 74.00  0.00 81.00  0.00 82.00  0.00 110.97 
4  73.00  0.00 74.00  0.00 82.00  0.00 83.00  0.00 323.92 
4  74.00  0.00 75.00  0.00 76.00  0.00 77.00  0.00 144.71 
4  74.00  0.00 75.00  0.00 77.00  0.00 78.00  0.00 97.07 
4  74.00  0.00 75.00  0.00 78.00  0.00 79.00  0.00 85.76 
4  74.00  0.00 75.00  0.00 79.00  0.00 80.00  0.00 91.88 
4  74.00  0.00 75.00  0.00 80.00  0.00 81.00  0.00 96.65 
4  74.00  0.00 75.00  0.00 81.00  0.00 82.00  0.00 84.73 
4  74.00  0.00 75.00  0.00 82.00  0.00 83.00  0.00 86.16 
4  75.00  0.00 76.00  0.00 77.00  0.00 78.00  0.00 154.61 
4  75.00  0.00 76.00  0.00 78.00  0.00 79.00  0.00 111.53 
4  75.00  0.00 76.00  0.00 79.00  0.00 80.00  0.00 107.60 
4  75.00  0.00 76.00  0.00 80.00  0.00 81.00  0.00 104.43 
4  75.00  0.00 76.00  0.00 81.00  0.00 82.00  0.00 93.95 
4  75.00  0.00 76.00  0.00 82.00  0.00 83.00  0.00 88.26 
4  76.00  0.00 77.00  0.00 78.00  0.00 79.00  0.00 157.14 
4  76.00  0.00 77.00  0.00 79.00  0.00 80.00  0.00 127.42 
4  76.00  0.00 77.00  0.00 80.00  0.00 81.00  0.00 114.04 
4  76.00  0.00 77.00  0.00 81.00  0.00 82.00  0.00 102.50 
4  76.00  0.00 77.00  0.00 82.00  0.00 83.00  0.00 88.82 
4  77.00  0.00 78.00  0.00 79.00  0.00 80.00  0.00 164.63 
4  77.00  0.00 78.00  0.00 80.00  0.00 81.00  0.00 125.51 
4  77.00  0.00 78.00  0.00 81.00  0.00 82.00  0.00 104.37 
4  77.00  0.00 78.00  0.00 82.00  0.00 83.00  0.00 83.53 
4  78.00  0.00 79.00  0.00 80.00  0.00 81.00  0.00 152.49 
4  78.00  0.00 79.00  0.00 81.00  0.00 82.00  0.00 121.31 
4  78.00  0.00 79.00  0.00 82.00  0.00 83.00  0.00 101.41 
4  79.00  0.00 80.00  0.00 81.00  0.00 82.00  0.00 153.72 
4  79.00  0.00 80.00  0.00 82.00  0.00 83.00  0.00 118.53 
4  80.00  0.00 81.00  0.00 82.00  0.00 83.00  0.00 139.12 
4  73.00  0.00 74.00  0.00 83.00  0.00 84.00  0.00 82.16 
4  74.00  0.00 75.00  0.00 83.00  0.00 84.00  0.00 72.22 
4  74.00  0.00 75.00  0.00 84.00  0.00 85.00  0.00 69.77 
4  75.00  0.00 76.00  0.00 83.00  0.00 84.00  0.00 82.66 
4  75.00  0.00 76.00  0.00 84.00  0.00 85.00  0.00 79.36 
4  75.00  0.00 76.00  0.00 85.00  0.00 86.00  0.00 91.00 
4  76.00  0.00 77.00  0.00 83.00  0.00 84.00  0.00 80.76 
4  76.00  0.00 77.00  0.00 84.00  0.00 85.00  0.00 49.08 
4  76.00  0.00 77.00  0.00 85.00  0.00 86.00  0.00 84.55 
4  76.00  0.00 77.00  0.00 86.00  0.00 87.00  0.00 85.94 
4  77.00  0.00 78.00  0.00 83.00  0.00 84.00  0.00 85.13 
4  77.00  0.00 78.00  0.00 84.00  0.00 85.00  0.00 73.26 
4  77.00  0.00 78.00  0.00 85.00  0.00 86.00  0.00 79.28 
4  77.00  0.00 78.00  0.00 86.00  0.00 87.00  0.00 83.30 
4  77.00  0.00 78.00  0.00 87.00  0.00 88.00  0.00 81.68 
4  78.00  0.00 79.00  0.00 83.00  0.00 84.00  0.00 90.30 
4  78.00  0.00 79.00  0.00 84.00  0.00 85.00  0.00 82.64 
4  78.00  0.00 79.00  0.00 85.00  0.00 86.00  0.00 85.20 
4  78.00  0.00 79.00  0.00 86.00  0.00 87.00  0.00 82.58 
4  78.00  0.00 79.00  0.00 87.00  0.00 88.00  0.00 82.76 
4  78.00  0.00 79.00  0.00 88.00  0.00 89.00  0.00 103.95 
4  79.00  0.00 80.00  0.00 83.00  0.00 84.00  0.00 104.60 
4  79.00  0.00 80.00  0.00 84.00  0.00 85.00  0.00 97.01 
4  79.00  0.00 80.00  0.00 85.00  0.00 86.00  0.00 95.17 
4  79.00  0.00 80.00  0.00 86.00  0.00 87.00  0.00 91.65 
4  79.00  0.00 80.00  0.00 87.00  0.00 88.00  0.00 86.31 
4  79.00  0.00 80.00  0.00 88.00  0.00 89.00  0.00 98.56 
4  79.00  0.00 80.00  0.00 89.00  0.00 90.00  0.00 101.07 
4  80.00  0.00 81.00  0.00 83.00  0.00 84.00  0.00 120.95 
4  80.00  0.00 81.00  0.00 84.00  0.00 85.00  0.00 104.89 
4  80.00  0.00 81.00  0.00 85.00  0.00 86.00  0.00 104.08 
4  80.00  0.00 81.00  0.00 86.00  0.00 87.00  0.00 96.78 
4  80.00  0.00 81.00  0.00 87.00  0.00 88.00  0.00 97.81 
4  80.00  0.00 81.00  0.00 88.00  0.00 89.00  0.00 99.99 
4  80.00  0.00 81.00  0.00 89.00  0.00 90.00  0.00 103.89 
4  80.00  0.00 81.00  0.00 90.00  0.00 91.00  0.00 99.17 
4  81.00  0.00 82.00  0.00 83.00  0.00 84.00  0.00 134.67 
4  81.00  0.00 82.00  0.00 84.00  0.00 85.00  0.00 105.90 
4  81.00  0.00 82.00  0.00 85.00  0.00 86.00  0.00 100.60 
4  81.00  0.00 82.00  0.00 86.00  0.00 87.00  0.00 96.94 
4  81.00  0.00 82.00  0.00 87.00  0.00 88.00  0.00 93.59 
4  81.00  0.00 82.00  0.00 88.00  0.00 89.00  0.00 99.51 
4  81.00  0.00 82.00  0.00 89.00  0.00 90.00  0.00 106.69 
4  81.00  0.00 82.00  0.00 90.00  0.00 91.00  0.00 86.50 
4  81.00  0.00 82.00  0.00 91.00  0.00 92.00  0.00 103.57 
4  82.00  0.00 83.00  0.00 84.00  0.00 85.00  0.00 118.97 
4  82.00  0.00 83.00  0.00 85.00  0.00 86.00  0.00 99.52 
4  82.00  0.00 83.00  0.00 86.00  0.00 87.00  0.00 92.01 
4  82.00  0.00 83.00  0.00 87.00  0.00 88.00  0.00 91.26 
4  82.00  0.00 83.00  0.00 88.00  0.00 89.00  0.00 96.61 
4  82.00  0.00 83.00  0.00 89.00  0.00 90.00  0.00 100.34 
4  82.00  0.00 83.00  0.00 90.00  0.00 91.00  0.00 83.89 
4  82.00  0.00 83.00  0.00 91.00  0.00 92.00  0.00 75.45 
4  82.00  0.00 83.00  0.00 92.00  0.00 93.00  0.00 72.91 
4  83.00  0.00 84.00  0.00 85.00  0.00 86.00  0.00 118.45 
4  83.00  0.00 84.00  0.00 86.00  0.00 87.00  0.00 100.96 
4  83.00  0.00 84.00  0.00 87.00  0.00 88.00  0.00 96.11 
4  83.00  0.00 84.00  0.00 88.00  0.00 89.00  0.00 99.40 
4  83.00  0.00 84.00  0.00 89.00  0.00 90.00  0.00 102.53 
4  83.00  0.00 84.00  0.00 90.00  0.00 91.00  0.00 83.64 
4  83.00  0.00 84.00  0.00 91.00  0.00 92.00  0.00 74.36 
4  83.00  0.00 84.00  0.00 92.00  0.00 93.00  0.00 60.19 
4  83.00  0.00 84.00  0.00 93.00  0.00 94.00  0.00 66.03 
4  84.00  0.00 85.00  0.00 86.00  0.00 87.00  0.00 116.62 
4  84.00  0.00 85.00  0.00 87.00  0.00 88.00  0.00 112.32 
4  84.00  0.00 85.00  0.00 88.00  0.00 89.00  0.00 109.87 
4  84.00  0.00 85.00  0.00 89.00  0.00 90.00  0.00 113.66 
4  84.00  0.00 85.00  0.00 90.00  0.00 91.00  0.00 90.97 
4  84.00  0.00 85.00  0.00 91.00  0.00 92.00  0.00 83.18 
4  84.00  0.00 85.00  0.00 92.00  0.00 93.00  0.00 77.28 
4  84.00  0.00 85.00  0.00 93.00  0.00 94.00  0.00 69.53 
4  84.00  0.00 85.00  0.00 94.00  0.00 95.00  0.00 102.75 
4  85.00  0.00 86.00  0.00 87.00  0.00 88.00  0.00 148.17 
4  85.00  0.00 86.00  0.00 88.00  0.00 89.00  0.00 135.38 
4  85.00  0.00 86.00  0.00 89.00  0.00 90.00  0.00 131.21 
4  85.00  0.00 86.00  0.00 90.00  0.00 91.00  0.00 107.60 
4  85.00  0.00 86.00  0.00 91.00  0.00 92.00  0.00 95.42 
4  85.00  0.00 86.00  0.00 92.00  0.00 93.00  0.00 85.23 
4  85.00  0.00 86.00  0.00 93.00  0.00 94.00  0.00 73.50 
4  85.00  0.00 86.00  0.00 94.00  0.00 95.00  0.00 93.42 
4  86.00  0.00 87.00  0.00 88.00  0.00 89.00  0.00 160.22 
4  86.00  0.00 87.00  0.00 89.00  0.00 90.00  0.00 143.83 
4  86.00  0.00 87.00  0.00 90.00  0.00 91.00  0.00 113.62 
4  86.00  0.00 87.00  0.00 91.00  0.00 92.00  0.00 93.76 
4  86.00  0.00 87.00  0.00 92.00  0.00 93.00  0.00 80.96 
4  86.00  0.00 87.00  0.00 93.00  0.00 94.00  0.00 81.49 
4  86.00  0.00 87.00  0.00 94.00  0.00 95.00  0.00 83.53 
4  87.00  0.00 88.00  0.00 89.00  0.00 90.00  0.00 173.35 
4  87.00  0.00 88.00  0.00 90.00  0.00 91.00  0.00 137.01 
4  87.00  0.00 88.00  0.00 91.00  0.00 92.00  0.00 110.72 
4  87.00  0.00 88.00  0.00 92.00  0.00 93.00  0.00 89.96 
4  87.00  0.00 88.00  0.00 93.00  0.00 94.00  0.00 86.37 
4  87.00  0.00 88.00  0.00 94.00  0.00 95.00  0.00 82.46 
4  88.00  0.00 89.00  0.00 90.00  0.00 91.00  0.00 164.63 
4  88.00  0.00 89.00  0.00 91.00  0.00 92.00  0.00 138.80 
4  88.00  0.00 89.00  0.00 92.00  0.00 93.00  0.00 107.75 
4  88.00  0.00 89.00  0.00 93.00  0.00 94.00  0.00 98.16 
4  88.00  0.00 89.00  0.00 94.00  0.00 95.00  0.00 93.33 
4  89.00  0.00 90.00  0.00 91.00  0.00 92.00  0.00 188.10 
4  89.00  0.00 90.00  0.00 92.00  0.00 93.00  0.00 146.46 
4  89.00  0.00 90.00  0.00 93.00  0.00 94.00  0.00 120.40 
4  89.00  0.00 90.00  0.00 94.00  0.00 95.00  0.00 109.93 
4  90.00  0.00 91.00  0.00 92.00  0.00 93.00  0.00 166.19 
4  90.00  0.00 91.00  0.00 93.00  0.00 94.00  0.00 138.82 
4  90.00  0.00 91.00  0.00 94.00  0.00 95.00  0.00 118.70 
4  91.00  0.00 92.00  0.00 93.00  0.00 94.00  0.00 161.20 
4  91.00  0.00 92.00  0.00 94.00  0.00 95.00  0.00 143.42 
4  92.00  0.00 93.00  0.00 94.00  0.00 95.00  0.00 159.79 
0
0
0
0
