mcline1.bin
         1.00
11
3
Type of measurement (0=app. resistivity,1=resistance)
0
801
 2
0
4  0.00  0.00 1.00  0.00 2.00  0.00 3.00  0.00 127.61 
4  0.00  0.00 1.00  0.00 3.00  0.00 4.00  0.00 80.43 
4  0.00  0.00 1.00  0.00 4.00  0.00 5.00  0.00 65.08 
4  0.00  0.00 1.00  0.00 5.00  0.00 6.00  0.00 54.55 
4  0.00  0.00 1.00  0.00 6.00  0.00 7.00  0.00 44.68 
4  0.00  0.00 1.00  0.00 7.00  0.00 8.00  0.00 52.24 
4  0.00  0.00 1.00  0.00 8.00  0.00 9.00  0.00 49.44 
4  0.00  0.00 1.00  0.00 9.00  0.00 10.00  0.00 82.64 
4  0.00  0.00 1.00  0.00 10.00  0.00 11.00  0.00 71.61 
4  1.00  0.00 2.00  0.00 3.00  0.00 4.00  0.00 124.98 
4  1.00  0.00 2.00  0.00 4.00  0.00 5.00  0.00 85.56 
4  1.00  0.00 2.00  0.00 5.00  0.00 6.00  0.00 61.26 
4  1.00  0.00 2.00  0.00 6.00  0.00 7.00  0.00 48.93 
4  1.00  0.00 2.00  0.00 7.00  0.00 8.00  0.00 51.50 
4  1.00  0.00 2.00  0.00 8.00  0.00 9.00  0.00 48.38 
4  1.00  0.00 2.00  0.00 9.00  0.00 10.00  0.00 76.44 
4  1.00  0.00 2.00  0.00 10.00  0.00 11.00  0.00 67.89 
4  1.00  0.00 2.00  0.00 11.00  0.00 12.00  0.00 65.08 
4  2.00  0.00 3.00  0.00 4.00  0.00 5.00  0.00 124.32 
4  2.00  0.00 3.00  0.00 5.00  0.00 6.00  0.00 79.10 
4  2.00  0.00 3.00  0.00 6.00  0.00 7.00  0.00 51.45 
4  2.00  0.00 3.00  0.00 7.00  0.00 8.00  0.00 53.11 
4  2.00  0.00 3.00  0.00 8.00  0.00 9.00  0.00 53.56 
4  2.00  0.00 3.00  0.00 9.00  0.00 10.00  0.00 59.13 
4  2.00  0.00 3.00  0.00 10.00  0.00 11.00  0.00 69.11 
4  2.00  0.00 3.00  0.00 11.00  0.00 12.00  0.00 60.98 
4  2.00  0.00 3.00  0.00 12.00  0.00 13.00  0.00 67.52 
4  3.00  0.00 4.00  0.00 5.00  0.00 6.00  0.00 120.42 
4  3.00  0.00 4.00  0.00 6.00  0.00 7.00  0.00 65.29 
4  3.00  0.00 4.00  0.00 7.00  0.00 8.00  0.00 56.62 
4  3.00  0.00 4.00  0.00 8.00  0.00 9.00  0.00 49.52 
4  3.00  0.00 4.00  0.00 9.00  0.00 10.00  0.00 50.62 
4  3.00  0.00 4.00  0.00 10.00  0.00 11.00  0.00 51.20 
4  3.00  0.00 4.00  0.00 11.00  0.00 12.00  0.00 53.31 
4  3.00  0.00 4.00  0.00 12.00  0.00 13.00  0.00 64.99 
4  3.00  0.00 4.00  0.00 13.00  0.00 14.00  0.00 55.65 
4  4.00  0.00 5.00  0.00 6.00  0.00 7.00  0.00 114.40 
4  4.00  0.00 5.00  0.00 7.00  0.00 8.00  0.00 85.34 
4  4.00  0.00 5.00  0.00 8.00  0.00 9.00  0.00 59.09 
4  4.00  0.00 5.00  0.00 9.00  0.00 10.00  0.00 54.77 
4  4.00  0.00 5.00  0.00 10.00  0.00 11.00  0.00 50.52 
4  4.00  0.00 5.00  0.00 11.00  0.00 12.00  0.00 56.26 
4  4.00  0.00 5.00  0.00 12.00  0.00 13.00  0.00 55.89 
4  4.00  0.00 5.00  0.00 13.00  0.00 14.00  0.00 57.39 
4  4.00  0.00 5.00  0.00 14.00  0.00 15.00  0.00 62.68 
4  5.00  0.00 6.00  0.00 7.00  0.00 8.00  0.00 146.26 
4  5.00  0.00 6.00  0.00 8.00  0.00 9.00  0.00 85.31 
4  5.00  0.00 6.00  0.00 9.00  0.00 10.00  0.00 64.59 
4  5.00  0.00 6.00  0.00 10.00  0.00 11.00  0.00 52.28 
4  5.00  0.00 6.00  0.00 11.00  0.00 12.00  0.00 52.02 
4  5.00  0.00 6.00  0.00 12.00  0.00 13.00  0.00 51.67 
4  5.00  0.00 6.00  0.00 13.00  0.00 14.00  0.00 51.46 
4  5.00  0.00 6.00  0.00 14.00  0.00 15.00  0.00 60.59 
4  5.00  0.00 6.00  0.00 15.00  0.00 16.00  0.00 78.52 
4  6.00  0.00 7.00  0.00 8.00  0.00 9.00  0.00 123.30 
4  6.00  0.00 7.00  0.00 9.00  0.00 10.00  0.00 82.66 
4  6.00  0.00 7.00  0.00 10.00  0.00 11.00  0.00 52.95 
4  6.00  0.00 7.00  0.00 11.00  0.00 12.00  0.00 47.18 
4  6.00  0.00 7.00  0.00 12.00  0.00 13.00  0.00 46.29 
4  6.00  0.00 7.00  0.00 13.00  0.00 14.00  0.00 51.50 
4  6.00  0.00 7.00  0.00 14.00  0.00 15.00  0.00 51.83 
4  6.00  0.00 7.00  0.00 15.00  0.00 16.00  0.00 53.24 
4  6.00  0.00 7.00  0.00 16.00  0.00 17.00  0.00 50.93 
4  7.00  0.00 8.00  0.00 9.00  0.00 10.00  0.00 138.60 
4  7.00  0.00 8.00  0.00 10.00  0.00 11.00  0.00 80.19 
4  7.00  0.00 8.00  0.00 11.00  0.00 12.00  0.00 52.56 
4  7.00  0.00 8.00  0.00 12.00  0.00 13.00  0.00 48.89 
4  7.00  0.00 8.00  0.00 13.00  0.00 14.00  0.00 46.14 
4  7.00  0.00 8.00  0.00 14.00  0.00 15.00  0.00 56.51 
4  7.00  0.00 8.00  0.00 15.00  0.00 16.00  0.00 58.76 
4  7.00  0.00 8.00  0.00 16.00  0.00 17.00  0.00 58.80 
4  7.00  0.00 8.00  0.00 17.00  0.00 18.00  0.00 52.42 
4  8.00  0.00 9.00  0.00 10.00  0.00 11.00  0.00 121.63 
4  8.00  0.00 9.00  0.00 11.00  0.00 12.00  0.00 68.30 
4  8.00  0.00 9.00  0.00 12.00  0.00 13.00  0.00 50.92 
4  8.00  0.00 9.00  0.00 13.00  0.00 14.00  0.00 49.28 
4  8.00  0.00 9.00  0.00 14.00  0.00 15.00  0.00 52.18 
4  8.00  0.00 9.00  0.00 15.00  0.00 16.00  0.00 47.60 
4  8.00  0.00 9.00  0.00 16.00  0.00 17.00  0.00 57.13 
4  8.00  0.00 9.00  0.00 17.00  0.00 18.00  0.00 61.25 
4  8.00  0.00 9.00  0.00 18.00  0.00 19.00  0.00 59.33 
4  9.00  0.00 10.00  0.00 11.00  0.00 12.00  0.00 111.09 
4  9.00  0.00 10.00  0.00 12.00  0.00 13.00  0.00 65.79 
4  9.00  0.00 10.00  0.00 13.00  0.00 14.00  0.00 54.97 
4  9.00  0.00 10.00  0.00 14.00  0.00 15.00  0.00 52.82 
4  9.00  0.00 10.00  0.00 15.00  0.00 16.00  0.00 55.12 
4  9.00  0.00 10.00  0.00 16.00  0.00 17.00  0.00 58.77 
4  9.00  0.00 10.00  0.00 17.00  0.00 18.00  0.00 58.01 
4  9.00  0.00 10.00  0.00 18.00  0.00 19.00  0.00 63.53 
4  9.00  0.00 10.00  0.00 19.00  0.00 20.00  0.00 62.35 
4  10.00  0.00 11.00  0.00 12.00  0.00 13.00  0.00 87.77 
4  10.00  0.00 11.00  0.00 13.00  0.00 14.00  0.00 60.10 
4  10.00  0.00 11.00  0.00 14.00  0.00 15.00  0.00 51.23 
4  10.00  0.00 11.00  0.00 15.00  0.00 16.00  0.00 51.49 
4  10.00  0.00 11.00  0.00 16.00  0.00 17.00  0.00 55.60 
4  10.00  0.00 11.00  0.00 17.00  0.00 18.00  0.00 59.70 
4  10.00  0.00 11.00  0.00 18.00  0.00 19.00  0.00 60.06 
4  10.00  0.00 11.00  0.00 19.00  0.00 20.00  0.00 53.19 
4  10.00  0.00 11.00  0.00 20.00  0.00 21.00  0.00 49.95 
4  11.00  0.00 12.00  0.00 13.00  0.00 14.00  0.00 82.07 
4  11.00  0.00 12.00  0.00 14.00  0.00 15.00  0.00 56.82 
4  11.00  0.00 12.00  0.00 15.00  0.00 16.00  0.00 50.68 
4  11.00  0.00 12.00  0.00 16.00  0.00 17.00  0.00 53.47 
4  11.00  0.00 12.00  0.00 17.00  0.00 18.00  0.00 55.15 
4  11.00  0.00 12.00  0.00 18.00  0.00 19.00  0.00 59.17 
4  11.00  0.00 12.00  0.00 19.00  0.00 20.00  0.00 57.53 
4  11.00  0.00 12.00  0.00 20.00  0.00 21.00  0.00 54.42 
4  11.00  0.00 12.00  0.00 21.00  0.00 22.00  0.00 56.37 
4  12.00  0.00 13.00  0.00 14.00  0.00 15.00  0.00 79.99 
4  12.00  0.00 13.00  0.00 15.00  0.00 16.00  0.00 56.00 
4  12.00  0.00 13.00  0.00 16.00  0.00 17.00  0.00 51.97 
4  12.00  0.00 13.00  0.00 17.00  0.00 18.00  0.00 51.02 
4  12.00  0.00 13.00  0.00 18.00  0.00 19.00  0.00 56.21 
4  12.00  0.00 13.00  0.00 19.00  0.00 20.00  0.00 55.55 
4  12.00  0.00 13.00  0.00 20.00  0.00 21.00  0.00 55.48 
4  12.00  0.00 13.00  0.00 21.00  0.00 22.00  0.00 46.80 
4  12.00  0.00 13.00  0.00 22.00  0.00 23.00  0.00 43.19 
4  13.00  0.00 14.00  0.00 15.00  0.00 16.00  0.00 82.57 
4  13.00  0.00 14.00  0.00 16.00  0.00 17.00  0.00 58.44 
4  13.00  0.00 14.00  0.00 17.00  0.00 18.00  0.00 51.53 
4  13.00  0.00 14.00  0.00 18.00  0.00 19.00  0.00 54.39 
4  13.00  0.00 14.00  0.00 19.00  0.00 20.00  0.00 53.95 
4  13.00  0.00 14.00  0.00 20.00  0.00 21.00  0.00 50.33 
4  13.00  0.00 14.00  0.00 21.00  0.00 22.00  0.00 53.74 
4  13.00  0.00 14.00  0.00 22.00  0.00 23.00  0.00 65.37 
4  14.00  0.00 15.00  0.00 16.00  0.00 17.00  0.00 88.72 
4  14.00  0.00 15.00  0.00 17.00  0.00 18.00  0.00 55.95 
4  14.00  0.00 15.00  0.00 18.00  0.00 19.00  0.00 51.47 
4  14.00  0.00 15.00  0.00 19.00  0.00 20.00  0.00 50.87 
4  14.00  0.00 15.00  0.00 20.00  0.00 21.00  0.00 49.79 
4  14.00  0.00 15.00  0.00 21.00  0.00 22.00  0.00 44.74 
4  14.00  0.00 15.00  0.00 22.00  0.00 23.00  0.00 47.49 
4  15.00  0.00 16.00  0.00 17.00  0.00 18.00  0.00 81.76 
4  15.00  0.00 16.00  0.00 18.00  0.00 19.00  0.00 57.20 
4  15.00  0.00 16.00  0.00 19.00  0.00 20.00  0.00 50.22 
4  15.00  0.00 16.00  0.00 20.00  0.00 21.00  0.00 48.19 
4  15.00  0.00 16.00  0.00 21.00  0.00 22.00  0.00 43.58 
4  15.00  0.00 16.00  0.00 22.00  0.00 23.00  0.00 46.24 
4  16.00  0.00 17.00  0.00 18.00  0.00 19.00  0.00 92.71 
4  16.00  0.00 17.00  0.00 19.00  0.00 20.00  0.00 63.50 
4  16.00  0.00 17.00  0.00 20.00  0.00 21.00  0.00 51.69 
4  16.00  0.00 17.00  0.00 21.00  0.00 22.00  0.00 44.18 
4  16.00  0.00 17.00  0.00 22.00  0.00 23.00  0.00 46.05 
4  17.00  0.00 18.00  0.00 19.00  0.00 20.00  0.00 87.03 
4  17.00  0.00 18.00  0.00 20.00  0.00 21.00  0.00 60.57 
4  17.00  0.00 18.00  0.00 21.00  0.00 22.00  0.00 44.58 
4  17.00  0.00 18.00  0.00 22.00  0.00 23.00  0.00 3257.95 
4  18.00  0.00 19.00  0.00 20.00  0.00 21.00  0.00 29.99 
4  18.00  0.00 19.00  0.00 21.00  0.00 22.00  0.00 3911.28 
4  18.00  0.00 19.00  0.00 22.00  0.00 23.00  0.00 319.48 
4  19.00  0.00 20.00  0.00 21.00  0.00 22.00  0.00 2.62 
4  19.00  0.00 20.00  0.00 22.00  0.00 23.00  0.00 240.24 
4  20.00  0.00 21.00  0.00 22.00  0.00 23.00  0.00 445.54 
4  13.00  0.00 14.00  0.00 23.00  0.00 24.00  0.00 49826.29 
4  14.00  0.00 15.00  0.00 23.00  0.00 24.00  0.00 17297.24 
4  14.00  0.00 15.00  0.00 24.00  0.00 25.00  0.00 246222.28 
4  15.00  0.00 16.00  0.00 23.00  0.00 24.00  0.00 46016.40 
4  15.00  0.00 16.00  0.00 24.00  0.00 25.00  0.00 7968.22 
4  15.00  0.00 16.00  0.00 25.00  0.00 26.00  0.00 4916.82 
4  16.00  0.00 17.00  0.00 23.00  0.00 24.00  0.00 2287.08 
4  16.00  0.00 17.00  0.00 24.00  0.00 25.00  0.00 2018784.00 
4  16.00  0.00 17.00  0.00 25.00  0.00 26.00  0.00 889.53 
4  16.00  0.00 17.00  0.00 26.00  0.00 27.00  0.00 5183.63 
4  17.00  0.00 18.00  0.00 23.00  0.00 24.00  0.00 11462.89 
4  17.00  0.00 18.00  0.00 24.00  0.00 25.00  0.00 3604.41 
4  17.00  0.00 18.00  0.00 25.00  0.00 26.00  0.00 2711.23 
4  17.00  0.00 18.00  0.00 26.00  0.00 27.00  0.00 11464.66 
4  17.00  0.00 18.00  0.00 27.00  0.00 28.00  0.00 50893.79 
4  18.00  0.00 19.00  0.00 23.00  0.00 24.00  0.00 24740.05 
4  18.00  0.00 19.00  0.00 24.00  0.00 25.00  0.00 2614.50 
4  18.00  0.00 19.00  0.00 25.00  0.00 26.00  0.00 1891.24 
4  18.00  0.00 19.00  0.00 26.00  0.00 27.00  0.00 21533.70 
4  18.00  0.00 19.00  0.00 27.00  0.00 28.00  0.00 5849.86 
4  18.00  0.00 19.00  0.00 28.00  0.00 29.00  0.00 18059.09 
4  19.00  0.00 20.00  0.00 23.00  0.00 24.00  0.00 56548.65 
4  19.00  0.00 20.00  0.00 24.00  0.00 25.00  0.00 2941.18 
4  19.00  0.00 20.00  0.00 25.00  0.00 26.00  0.00 1405.99 
4  19.00  0.00 20.00  0.00 26.00  0.00 27.00  0.00 34066.34 
4  19.00  0.00 20.00  0.00 27.00  0.00 28.00  0.00 1390.79 
4  19.00  0.00 20.00  0.00 28.00  0.00 29.00  0.00 92598.45 
4  19.00  0.00 20.00  0.00 29.00  0.00 30.00  0.00 4596.01 
4  20.00  0.00 21.00  0.00 23.00  0.00 24.00  0.00 48.33 
4  20.00  0.00 21.00  0.00 24.00  0.00 25.00  0.00 1143.54 
4  20.00  0.00 21.00  0.00 25.00  0.00 26.00  0.00 2692.79 
4  20.00  0.00 21.00  0.00 26.00  0.00 27.00  0.00 4434.28 
4  20.00  0.00 21.00  0.00 27.00  0.00 28.00  0.00 121391.29 
4  20.00  0.00 21.00  0.00 28.00  0.00 29.00  0.00 1537.24 
4  20.00  0.00 21.00  0.00 29.00  0.00 30.00  0.00 1725.21 
4  20.00  0.00 21.00  0.00 30.00  0.00 31.00  0.00 9619.10 
4  21.00  0.00 22.00  0.00 23.00  0.00 24.00  0.00 133.59 
4  21.00  0.00 22.00  0.00 24.00  0.00 25.00  0.00 274.98 
4  21.00  0.00 22.00  0.00 25.00  0.00 26.00  0.00 7032.33 
4  21.00  0.00 22.00  0.00 26.00  0.00 27.00  0.00 1188.97 
4  21.00  0.00 22.00  0.00 27.00  0.00 28.00  0.00 9267.70 
4  21.00  0.00 22.00  0.00 28.00  0.00 29.00  0.00 1217.97 
4  21.00  0.00 22.00  0.00 29.00  0.00 30.00  0.00 4415.14 
4  21.00  0.00 22.00  0.00 30.00  0.00 31.00  0.00 55606.20 
4  21.00  0.00 22.00  0.00 31.00  0.00 32.00  0.00 164395.03 
4  22.00  0.00 23.00  0.00 24.00  0.00 25.00  0.00 307.33 
4  22.00  0.00 23.00  0.00 25.00  0.00 26.00  0.00 879.65 
4  22.00  0.00 23.00  0.00 26.00  0.00 27.00  0.00 11938.05 
4  22.00  0.00 23.00  0.00 27.00  0.00 28.00  0.00 2727.17 
4  22.00  0.00 23.00  0.00 28.00  0.00 29.00  0.00 153.43 
4  22.00  0.00 23.00  0.00 29.00  0.00 30.00  0.00 5361.66 
4  22.00  0.00 23.00  0.00 30.00  0.00 31.00  0.00 4029.09 
4  22.00  0.00 23.00  0.00 31.00  0.00 32.00  0.00 94247.80 
4  22.00  0.00 23.00  0.00 32.00  0.00 33.00  0.00 14893.80 
4  23.00  0.00 24.00  0.00 25.00  0.00 26.00  0.00 1162.39 
4  23.00  0.00 24.00  0.00 26.00  0.00 27.00  0.00 697.13 
4  23.00  0.00 24.00  0.00 27.00  0.00 28.00  0.00 169.76 
4  23.00  0.00 24.00  0.00 28.00  0.00 29.00  0.00 7304.20 
4  23.00  0.00 24.00  0.00 29.00  0.00 30.00  0.00 6365.86 
4  23.00  0.00 24.00  0.00 30.00  0.00 31.00  0.00 20151.92 
4  23.00  0.00 24.00  0.00 31.00  0.00 32.00  0.00 2727.19 
4  23.00  0.00 24.00  0.00 32.00  0.00 33.00  0.00 9155.50 
4  23.00  0.00 24.00  0.00 33.00  0.00 34.00  0.00 27325.12 
4  24.00  0.00 25.00  0.00 26.00  0.00 27.00  0.00 37.03 
4  24.00  0.00 25.00  0.00 27.00  0.00 28.00  0.00 215.42 
4  24.00  0.00 25.00  0.00 28.00  0.00 29.00  0.00 1538.74 
4  24.00  0.00 25.00  0.00 29.00  0.00 30.00  0.00 1948.85 
4  24.00  0.00 25.00  0.00 30.00  0.00 31.00  0.00 1290.78 
4  24.00  0.00 25.00  0.00 31.00  0.00 32.00  0.00 9037.94 
4  24.00  0.00 25.00  0.00 32.00  0.00 33.00  0.00 3166.72 
4  24.00  0.00 25.00  0.00 33.00  0.00 34.00  0.00 30487.11 
4  24.00  0.00 25.00  0.00 34.00  0.00 35.00  0.00 7619.93 
4  25.00  0.00 26.00  0.00 27.00  0.00 28.00  0.00 173.61 
4  25.00  0.00 26.00  0.00 28.00  0.00 29.00  0.00 6.43 
4  25.00  0.00 26.00  0.00 29.00  0.00 30.00  0.00 12996.27 
4  25.00  0.00 26.00  0.00 30.00  0.00 31.00  0.00 7446.74 
4  25.00  0.00 26.00  0.00 31.00  0.00 32.00  0.00 5425.09 
4  25.00  0.00 26.00  0.00 32.00  0.00 33.00  0.00 6696.67 
4  25.00  0.00 26.00  0.00 33.00  0.00 34.00  0.00 6378.46 
4  25.00  0.00 26.00  0.00 34.00  0.00 35.00  0.00 77283.20 
4  26.00  0.00 27.00  0.00 28.00  0.00 29.00  0.00 94.25 
4  26.00  0.00 27.00  0.00 29.00  0.00 30.00  0.00 117.42 
4  26.00  0.00 27.00  0.00 30.00  0.00 31.00  0.00 1977.36 
4  26.00  0.00 27.00  0.00 31.00  0.00 32.00  0.00 11880.93 
4  26.00  0.00 27.00  0.00 32.00  0.00 33.00  0.00 8396.62 
4  26.00  0.00 27.00  0.00 33.00  0.00 34.00  0.00 1869.25 
4  26.00  0.00 27.00  0.00 34.00  0.00 35.00  0.00 5158.69 
4  27.00  0.00 28.00  0.00 29.00  0.00 30.00  0.00 14.62 
4  27.00  0.00 28.00  0.00 30.00  0.00 31.00  0.00 115.19 
4  27.00  0.00 28.00  0.00 31.00  0.00 32.00  0.00 1641.02 
4  27.00  0.00 28.00  0.00 32.00  0.00 33.00  0.00 46338.50 
4  27.00  0.00 28.00  0.00 33.00  0.00 34.00  0.00 184725.67 
4  27.00  0.00 28.00  0.00 34.00  0.00 35.00  0.00 7916.82 
4  28.00  0.00 29.00  0.00 30.00  0.00 31.00  0.00 60.46 
4  28.00  0.00 29.00  0.00 31.00  0.00 32.00  0.00 6.61 
4  28.00  0.00 29.00  0.00 32.00  0.00 33.00  0.00 215.42 
4  28.00  0.00 29.00  0.00 33.00  0.00 34.00  0.00 7351.33 
4  28.00  0.00 29.00  0.00 34.00  0.00 35.00  0.00 2598.95 
4  29.00  0.00 30.00  0.00 31.00  0.00 32.00  0.00 175.50 
4  29.00  0.00 30.00  0.00 32.00  0.00 33.00  0.00 1219.21 
4  29.00  0.00 30.00  0.00 33.00  0.00 34.00  0.00 1582.02 
4  29.00  0.00 30.00  0.00 34.00  0.00 35.00  0.00 1056.40 
4  30.00  0.00 31.00  0.00 32.00  0.00 33.00  0.00 26.27 
4  30.00  0.00 31.00  0.00 33.00  0.00 34.00  0.00 58.34 
4  30.00  0.00 31.00  0.00 34.00  0.00 35.00  0.00 1027.39 
4  31.00  0.00 32.00  0.00 33.00  0.00 34.00  0.00 175.03 
4  31.00  0.00 32.00  0.00 34.00  0.00 35.00  0.00 329.87 
4  32.00  0.00 33.00  0.00 34.00  0.00 35.00  0.00 318.73 
4  25.00  0.00 26.00  0.00 35.00  0.00 36.00  0.00 56857.91 
4  26.00  0.00 27.00  0.00 35.00  0.00 36.00  0.00 25850.82 
4  26.00  0.00 27.00  0.00 36.00  0.00 37.00  0.00 334.43 
4  27.00  0.00 28.00  0.00 35.00  0.00 36.00  0.00 989.60 
4  27.00  0.00 28.00  0.00 36.00  0.00 37.00  0.00 7574.41 
4  27.00  0.00 28.00  0.00 37.00  0.00 38.00  0.00 2131.58 
4  28.00  0.00 29.00  0.00 35.00  0.00 36.00  0.00 24837.10 
4  28.00  0.00 29.00  0.00 36.00  0.00 37.00  0.00 7272.41 
4  28.00  0.00 29.00  0.00 37.00  0.00 38.00  0.00 18378.32 
4  28.00  0.00 29.00  0.00 38.00  0.00 39.00  0.00 34079.59 
4  29.00  0.00 30.00  0.00 35.00  0.00 36.00  0.00 8863.39 
4  29.00  0.00 30.00  0.00 36.00  0.00 37.00  0.00 17341.62 
4  29.00  0.00 30.00  0.00 37.00  0.00 38.00  0.00 7139.26 
4  29.00  0.00 30.00  0.00 38.00  0.00 39.00  0.00 8567.98 
4  29.00  0.00 30.00  0.00 39.00  0.00 40.00  0.00 13607.02 
4  30.00  0.00 31.00  0.00 35.00  0.00 36.00  0.00 907.57 
4  30.00  0.00 31.00  0.00 36.00  0.00 37.00  0.00 1513.15 
4  30.00  0.00 31.00  0.00 37.00  0.00 38.00  0.00 9650.99 
4  30.00  0.00 31.00  0.00 38.00  0.00 39.00  0.00 26917.12 
4  30.00  0.00 31.00  0.00 39.00  0.00 40.00  0.00 3560.47 
4  30.00  0.00 31.00  0.00 40.00  0.00 41.00  0.00 127517.22 
4  31.00  0.00 32.00  0.00 35.00  0.00 36.00  0.00 1701.70 
4  31.00  0.00 32.00  0.00 36.00  0.00 37.00  0.00 10471.98 
4  31.00  0.00 32.00  0.00 37.00  0.00 38.00  0.00 6597.35 
4  31.00  0.00 32.00  0.00 38.00  0.00 39.00  0.00 17153.12 
4  31.00  0.00 32.00  0.00 39.00  0.00 40.00  0.00 18472.53 
4  31.00  0.00 32.00  0.00 40.00  0.00 41.00  0.00 103201.34 
4  31.00  0.00 32.00  0.00 41.00  0.00 42.00  0.00 7775.44 
4  32.00  0.00 33.00  0.00 35.00  0.00 36.00  0.00 914.83 
4  32.00  0.00 33.00  0.00 36.00  0.00 37.00  0.00 10524.33 
4  32.00  0.00 33.00  0.00 37.00  0.00 38.00  0.00 1245.99 
4  32.00  0.00 33.00  0.00 38.00  0.00 39.00  0.00 4198.31 
4  32.00  0.00 33.00  0.00 39.00  0.00 40.00  0.00 32546.95 
4  32.00  0.00 33.00  0.00 40.00  0.00 41.00  0.00 87084.79 
4  32.00  0.00 33.00  0.00 41.00  0.00 42.00  0.00 65838.81 
4  32.00  0.00 33.00  0.00 42.00  0.00 43.00  0.00 740.52 
4  33.00  0.00 34.00  0.00 35.00  0.00 36.00  0.00 547.82 
4  33.00  0.00 34.00  0.00 36.00  0.00 37.00  0.00 152.83 
4  33.00  0.00 34.00  0.00 37.00  0.00 38.00  0.00 7925.38 
4  33.00  0.00 34.00  0.00 38.00  0.00 39.00  0.00 6408.85 
4  33.00  0.00 34.00  0.00 39.00  0.00 40.00  0.00 8721.15 
4  33.00  0.00 34.00  0.00 40.00  0.00 41.00  0.00 6201.51 
4  33.00  0.00 34.00  0.00 41.00  0.00 42.00  0.00 83126.40 
4  33.00  0.00 34.00  0.00 42.00  0.00 43.00  0.00 441079.66 
4  33.00  0.00 34.00  0.00 43.00  0.00 44.00  0.00 138230.05 
4  34.00  0.00 35.00  0.00 36.00  0.00 37.00  0.00 216.42 
4  34.00  0.00 35.00  0.00 37.00  0.00 38.00  0.00 309.47 
4  34.00  0.00 35.00  0.00 38.00  0.00 39.00  0.00 1701.70 
4  34.00  0.00 35.00  0.00 39.00  0.00 40.00  0.00 2132.98 
4  34.00  0.00 35.00  0.00 40.00  0.00 41.00  0.00 3044.93 
4  34.00  0.00 35.00  0.00 41.00  0.00 42.00  0.00 8735.81 
4  34.00  0.00 35.00  0.00 42.00  0.00 43.00  0.00 12594.91 
4  34.00  0.00 35.00  0.00 43.00  0.00 44.00  0.00 7481.83 
4  34.00  0.00 35.00  0.00 44.00  0.00 45.00  0.00 27495.76 
4  35.00  0.00 36.00  0.00 37.00  0.00 38.00  0.00 33.93 
4  35.00  0.00 36.00  0.00 38.00  0.00 39.00  0.00 394.94 
4  35.00  0.00 36.00  0.00 39.00  0.00 40.00  0.00 15.20 
4  35.00  0.00 36.00  0.00 40.00  0.00 41.00  0.00 702.24 
4  35.00  0.00 36.00  0.00 41.00  0.00 42.00  0.00 7812.65 
4  35.00  0.00 36.00  0.00 42.00  0.00 43.00  0.00 69931.95 
4  35.00  0.00 36.00  0.00 43.00  0.00 44.00  0.00 38792.32 
4  35.00  0.00 36.00  0.00 44.00  0.00 45.00  0.00 440.64 
4  35.00  0.00 36.00  0.00 45.00  0.00 46.00  0.00 8397.47 
4  36.00  0.00 37.00  0.00 38.00  0.00 39.00  0.00 24.80 
4  36.00  0.00 37.00  0.00 39.00  0.00 40.00  0.00 355.45 
4  36.00  0.00 37.00  0.00 40.00  0.00 41.00  0.00 3551.12 
4  36.00  0.00 37.00  0.00 41.00  0.00 42.00  0.00 5397.83 
4  36.00  0.00 37.00  0.00 42.00  0.00 43.00  0.00 3769.91 
4  36.00  0.00 37.00  0.00 43.00  0.00 44.00  0.00 9166.85 
4  36.00  0.00 37.00  0.00 44.00  0.00 45.00  0.00 15074.45 
4  36.00  0.00 37.00  0.00 45.00  0.00 46.00  0.00 2423.51 
4  36.00  0.00 37.00  0.00 46.00  0.00 47.00  0.00 4056.75 
4  37.00  0.00 38.00  0.00 39.00  0.00 40.00  0.00 23.18 
4  37.00  0.00 38.00  0.00 40.00  0.00 41.00  0.00 276.17 
4  37.00  0.00 38.00  0.00 41.00  0.00 42.00  0.00 28038.71 
4  37.00  0.00 38.00  0.00 42.00  0.00 43.00  0.00 15079.65 
4  37.00  0.00 38.00  0.00 43.00  0.00 44.00  0.00 1961.37 
4  37.00  0.00 38.00  0.00 44.00  0.00 45.00  0.00 626.19 
4  37.00  0.00 38.00  0.00 45.00  0.00 46.00  0.00 1055.57 
4  37.00  0.00 38.00  0.00 46.00  0.00 47.00  0.00 11473.64 
4  38.00  0.00 39.00  0.00 40.00  0.00 41.00  0.00 289.48 
4  38.00  0.00 39.00  0.00 41.00  0.00 42.00  0.00 247.74 
4  38.00  0.00 39.00  0.00 42.00  0.00 43.00  0.00 113.10 
4  38.00  0.00 39.00  0.00 43.00  0.00 44.00  0.00 4643.43 
4  38.00  0.00 39.00  0.00 44.00  0.00 45.00  0.00 10838.50 
4  38.00  0.00 39.00  0.00 45.00  0.00 46.00  0.00 5011.32 
4  38.00  0.00 39.00  0.00 46.00  0.00 47.00  0.00 20068.17 
4  39.00  0.00 40.00  0.00 41.00  0.00 42.00  0.00 198.42 
4  39.00  0.00 40.00  0.00 42.00  0.00 43.00  0.00 36191.16 
4  39.00  0.00 40.00  0.00 43.00  0.00 44.00  0.00 17435.83 
4  39.00  0.00 40.00  0.00 44.00  0.00 45.00  0.00 1051.23 
4  39.00  0.00 40.00  0.00 45.00  0.00 46.00  0.00 376.16 
4  39.00  0.00 40.00  0.00 46.00  0.00 47.00  0.00 3448.22 
4  40.00  0.00 41.00  0.00 42.00  0.00 43.00  0.00 14.62 
4  40.00  0.00 41.00  0.00 43.00  0.00 44.00  0.00 612.61 
4  40.00  0.00 41.00  0.00 44.00  0.00 45.00  0.00 6521.94 
4  40.00  0.00 41.00  0.00 45.00  0.00 46.00  0.00 673.20 
4  40.00  0.00 41.00  0.00 46.00  0.00 47.00  0.00 5277.88 
4  41.00  0.00 42.00  0.00 43.00  0.00 44.00  0.00 199.58 
4  41.00  0.00 42.00  0.00 44.00  0.00 45.00  0.00 724.98 
4  41.00  0.00 42.00  0.00 45.00  0.00 46.00  0.00 3914.91 
4  41.00  0.00 42.00  0.00 46.00  0.00 47.00  0.00 601.00 
4  42.00  0.00 43.00  0.00 44.00  0.00 45.00  0.00 191.35 
4  42.00  0.00 43.00  0.00 45.00  0.00 46.00  0.00 885.11 
4  42.00  0.00 43.00  0.00 46.00  0.00 47.00  0.00 2230.53 
4  43.00  0.00 44.00  0.00 45.00  0.00 46.00  0.00 139.94 
4  43.00  0.00 44.00  0.00 46.00  0.00 47.00  0.00 376.99 
4  44.00  0.00 45.00  0.00 46.00  0.00 47.00  0.00 257.04 
4  37.00  0.00 38.00  0.00 47.00  0.00 48.00  0.00 24775.98 
4  38.00  0.00 39.00  0.00 47.00  0.00 48.00  0.00 9313.90 
4  38.00  0.00 39.00  0.00 48.00  0.00 49.00  0.00 23104.17 
4  39.00  0.00 40.00  0.00 47.00  0.00 48.00  0.00 8996.36 
4  39.00  0.00 40.00  0.00 48.00  0.00 49.00  0.00 135716.81 
4  39.00  0.00 40.00  0.00 49.00  0.00 50.00  0.00 3332.33 
4  40.00  0.00 41.00  0.00 47.00  0.00 48.00  0.00 5507.36 
4  40.00  0.00 41.00  0.00 48.00  0.00 49.00  0.00 15224.61 
4  40.00  0.00 41.00  0.00 49.00  0.00 50.00  0.00 84194.70 
4  40.00  0.00 41.00  0.00 50.00  0.00 51.00  0.00 392659.75 
4  41.00  0.00 42.00  0.00 47.00  0.00 48.00  0.00 23090.71 
4  41.00  0.00 42.00  0.00 48.00  0.00 49.00  0.00 29428.20 
4  41.00  0.00 42.00  0.00 49.00  0.00 50.00  0.00 13388.70 
4  41.00  0.00 42.00  0.00 50.00  0.00 51.00  0.00 41092.04 
4  41.00  0.00 42.00  0.00 51.00  0.00 52.00  0.00 54789.73 
4  42.00  0.00 43.00  0.00 47.00  0.00 48.00  0.00 3986.22 
4  42.00  0.00 43.00  0.00 48.00  0.00 49.00  0.00 2775.71 
4  42.00  0.00 43.00  0.00 49.00  0.00 50.00  0.00 25729.68 
4  42.00  0.00 43.00  0.00 50.00  0.00 51.00  0.00 4838.04 
4  42.00  0.00 43.00  0.00 51.00  0.00 52.00  0.00 2381.00 
4  42.00  0.00 43.00  0.00 52.00  0.00 53.00  0.00 116631.61 
4  43.00  0.00 44.00  0.00 47.00  0.00 48.00  0.00 89.76 
4  43.00  0.00 44.00  0.00 48.00  0.00 49.00  0.00 0.00 
4  43.00  0.00 44.00  0.00 49.00  0.00 50.00  0.00 9896.02 
4  43.00  0.00 44.00  0.00 50.00  0.00 51.00  0.00 6639.92 
4  43.00  0.00 44.00  0.00 51.00  0.00 52.00  0.00 27572.30 
4  43.00  0.00 44.00  0.00 52.00  0.00 53.00  0.00 20425.04 
4  43.00  0.00 44.00  0.00 53.00  0.00 54.00  0.00 26728.08 
4  44.00  0.00 45.00  0.00 47.00  0.00 48.00  0.00 4146.90 
4  44.00  0.00 45.00  0.00 48.00  0.00 49.00  0.00 1464.66 
4  44.00  0.00 45.00  0.00 49.00  0.00 50.00  0.00 992.08 
4  44.00  0.00 45.00  0.00 50.00  0.00 51.00  0.00 1147.36 
4  44.00  0.00 45.00  0.00 51.00  0.00 52.00  0.00 4333.42 
4  44.00  0.00 45.00  0.00 52.00  0.00 53.00  0.00 13194.67 
4  44.00  0.00 45.00  0.00 53.00  0.00 54.00  0.00 6113.37 
4  44.00  0.00 45.00  0.00 54.00  0.00 55.00  0.00 16507.86 
4  45.00  0.00 46.00  0.00 47.00  0.00 48.00  0.00 801.11 
4  45.00  0.00 46.00  0.00 48.00  0.00 49.00  0.00 76.58 
4  45.00  0.00 46.00  0.00 49.00  0.00 50.00  0.00 1144.44 
4  45.00  0.00 46.00  0.00 50.00  0.00 51.00  0.00 317615.03 
4  45.00  0.00 46.00  0.00 51.00  0.00 52.00  0.00 3740.23 
4  45.00  0.00 46.00  0.00 52.00  0.00 53.00  0.00 16493.38 
4  45.00  0.00 46.00  0.00 53.00  0.00 54.00  0.00 9752.58 
4  45.00  0.00 46.00  0.00 54.00  0.00 55.00  0.00 6283.19 
4  45.00  0.00 46.00  0.00 55.00  0.00 56.00  0.00 71051.44 
4  46.00  0.00 47.00  0.00 48.00  0.00 49.00  0.00 62.07 
4  46.00  0.00 47.00  0.00 49.00  0.00 50.00  0.00 28.48 
4  46.00  0.00 47.00  0.00 50.00  0.00 51.00  0.00 51.41 
4  46.00  0.00 47.00  0.00 51.00  0.00 52.00  0.00 318.58 
4  46.00  0.00 47.00  0.00 52.00  0.00 53.00  0.00 1444.87 
4  46.00  0.00 47.00  0.00 53.00  0.00 54.00  0.00 18961.28 
4  46.00  0.00 47.00  0.00 54.00  0.00 55.00  0.00 25509.69 
4  46.00  0.00 47.00  0.00 55.00  0.00 56.00  0.00 21524.98 
4  46.00  0.00 47.00  0.00 56.00  0.00 57.00  0.00 7823.74 
4  47.00  0.00 48.00  0.00 49.00  0.00 50.00  0.00 48.94 
4  47.00  0.00 48.00  0.00 50.00  0.00 51.00  0.00 295.48 
4  47.00  0.00 48.00  0.00 51.00  0.00 52.00  0.00 927.03 
4  47.00  0.00 48.00  0.00 52.00  0.00 53.00  0.00 55.99 
4  47.00  0.00 48.00  0.00 53.00  0.00 54.00  0.00 20781.64 
4  47.00  0.00 48.00  0.00 54.00  0.00 55.00  0.00 22311.05 
4  47.00  0.00 48.00  0.00 55.00  0.00 56.00  0.00 50379.63 
4  47.00  0.00 48.00  0.00 56.00  0.00 57.00  0.00 393013.31 
4  47.00  0.00 48.00  0.00 57.00  0.00 58.00  0.00 9896.01 
4  48.00  0.00 49.00  0.00 50.00  0.00 51.00  0.00 28.13 
4  48.00  0.00 49.00  0.00 51.00  0.00 52.00  0.00 56.55 
4  48.00  0.00 49.00  0.00 52.00  0.00 53.00  0.00 3612.83 
4  48.00  0.00 49.00  0.00 53.00  0.00 54.00  0.00 1384.87 
4  48.00  0.00 49.00  0.00 54.00  0.00 55.00  0.00 3989.09 
4  48.00  0.00 49.00  0.00 55.00  0.00 56.00  0.00 2697.58 
4  48.00  0.00 49.00  0.00 56.00  0.00 57.00  0.00 1610.20 
4  48.00  0.00 49.00  0.00 57.00  0.00 58.00  0.00 14137.17 
4  48.00  0.00 49.00  0.00 58.00  0.00 59.00  0.00 20527.16 
4  49.00  0.00 50.00  0.00 51.00  0.00 52.00  0.00 48.05 
4  49.00  0.00 50.00  0.00 52.00  0.00 53.00  0.00 233.73 
4  49.00  0.00 50.00  0.00 53.00  0.00 54.00  0.00 280.20 
4  49.00  0.00 50.00  0.00 54.00  0.00 55.00  0.00 9424.78 
4  49.00  0.00 50.00  0.00 55.00  0.00 56.00  0.00 4487.38 
4  49.00  0.00 50.00  0.00 56.00  0.00 57.00  0.00 5700.11 
4  49.00  0.00 50.00  0.00 57.00  0.00 58.00  0.00 24829.96 
4  49.00  0.00 50.00  0.00 58.00  0.00 59.00  0.00 10701.68 
4  50.00  0.00 51.00  0.00 52.00  0.00 53.00  0.00 1262.92 
4  50.00  0.00 51.00  0.00 53.00  0.00 54.00  0.00 763.41 
4  50.00  0.00 51.00  0.00 54.00  0.00 55.00  0.00 1649.34 
4  50.00  0.00 51.00  0.00 55.00  0.00 56.00  0.00 16426.04 
4  50.00  0.00 51.00  0.00 56.00  0.00 57.00  0.00 1319.47 
4  50.00  0.00 51.00  0.00 57.00  0.00 58.00  0.00 2010.62 
4  50.00  0.00 51.00  0.00 58.00  0.00 59.00  0.00 43902.25 
4  51.00  0.00 52.00  0.00 53.00  0.00 54.00  0.00 40.39 
4  51.00  0.00 52.00  0.00 54.00  0.00 55.00  0.00 407.77 
4  51.00  0.00 52.00  0.00 55.00  0.00 56.00  0.00 3914.91 
4  51.00  0.00 52.00  0.00 56.00  0.00 57.00  0.00 1696.46 
4  51.00  0.00 52.00  0.00 57.00  0.00 58.00  0.00 145141.58 
4  51.00  0.00 52.00  0.00 58.00  0.00 59.00  0.00 586.43 
4  52.00  0.00 53.00  0.00 54.00  0.00 55.00  0.00 59.88 
4  52.00  0.00 53.00  0.00 55.00  0.00 56.00  0.00 13948.68 
4  52.00  0.00 53.00  0.00 56.00  0.00 57.00  0.00 2404.94 
4  52.00  0.00 53.00  0.00 57.00  0.00 58.00  0.00 1988.71 
4  52.00  0.00 53.00  0.00 58.00  0.00 59.00  0.00 5845.75 
4  53.00  0.00 54.00  0.00 55.00  0.00 56.00  0.00 212.06 
4  53.00  0.00 54.00  0.00 56.00  0.00 57.00  0.00 385.37 
4  53.00  0.00 54.00  0.00 57.00  0.00 58.00  0.00 1294.34 
4  53.00  0.00 54.00  0.00 58.00  0.00 59.00  0.00 19100.88 
4  54.00  0.00 55.00  0.00 56.00  0.00 57.00  0.00 37.08 
4  54.00  0.00 55.00  0.00 57.00  0.00 58.00  0.00 1180.58 
4  54.00  0.00 55.00  0.00 58.00  0.00 59.00  0.00 65.75 
4  55.00  0.00 56.00  0.00 57.00  0.00 58.00  0.00 12.95 
4  55.00  0.00 56.00  0.00 58.00  0.00 59.00  0.00 234.47 
4  56.00  0.00 57.00  0.00 58.00  0.00 59.00  0.00 33.52 
4  49.00  0.00 50.00  0.00 59.00  0.00 60.00  0.00 15550.88 
4  50.00  0.00 51.00  0.00 59.00  0.00 60.00  0.00 203575.25 
4  50.00  0.00 51.00  0.00 60.00  0.00 61.00  0.00 80864.58 
4  51.00  0.00 52.00  0.00 59.00  0.00 60.00  0.00 4410.79 
4  51.00  0.00 52.00  0.00 60.00  0.00 61.00  0.00 92991.16 
4  51.00  0.00 52.00  0.00 61.00  0.00 62.00  0.00 10818.00 
4  52.00  0.00 53.00  0.00 59.00  0.00 60.00  0.00 642.52 
4  52.00  0.00 53.00  0.00 60.00  0.00 61.00  0.00 7995.18 
4  52.00  0.00 53.00  0.00 61.00  0.00 62.00  0.00 13711.12 
4  52.00  0.00 53.00  0.00 62.00  0.00 63.00  0.00 19945.70 
4  53.00  0.00 54.00  0.00 59.00  0.00 60.00  0.00 5869.70 
4  53.00  0.00 54.00  0.00 60.00  0.00 61.00  0.00 28148.71 
4  53.00  0.00 54.00  0.00 61.00  0.00 62.00  0.00 344.21 
4  53.00  0.00 54.00  0.00 62.00  0.00 63.00  0.00 8194.48 
4  53.00  0.00 54.00  0.00 63.00  0.00 64.00  0.00 32073.69 
4  54.00  0.00 55.00  0.00 59.00  0.00 60.00  0.00 2671.88 
4  54.00  0.00 55.00  0.00 60.00  0.00 61.00  0.00 6356.82 
4  54.00  0.00 55.00  0.00 61.00  0.00 62.00  0.00 12009.09 
4  54.00  0.00 55.00  0.00 62.00  0.00 63.00  0.00 34306.13 
4  54.00  0.00 55.00  0.00 63.00  0.00 64.00  0.00 55292.04 
4  54.00  0.00 55.00  0.00 64.00  0.00 65.00  0.00 43825.21 
4  55.00  0.00 56.00  0.00 59.00  0.00 60.00  0.00 403.92 
4  55.00  0.00 56.00  0.00 60.00  0.00 61.00  0.00 5235.99 
4  55.00  0.00 56.00  0.00 61.00  0.00 62.00  0.00 8002.34 
4  55.00  0.00 56.00  0.00 62.00  0.00 63.00  0.00 6725.04 
4  55.00  0.00 56.00  0.00 63.00  0.00 64.00  0.00 6377.42 
4  55.00  0.00 56.00  0.00 64.00  0.00 65.00  0.00 43623.27 
4  55.00  0.00 56.00  0.00 65.00  0.00 66.00  0.00 13531.29 
4  56.00  0.00 57.00  0.00 59.00  0.00 60.00  0.00 919.86 
4  56.00  0.00 57.00  0.00 60.00  0.00 61.00  0.00 8733.62 
4  56.00  0.00 57.00  0.00 61.00  0.00 62.00  0.00 78225.66 
4  56.00  0.00 57.00  0.00 62.00  0.00 63.00  0.00 2769.64 
4  56.00  0.00 57.00  0.00 63.00  0.00 64.00  0.00 43102.71 
4  56.00  0.00 57.00  0.00 64.00  0.00 65.00  0.00 8276.65 
4  56.00  0.00 57.00  0.00 65.00  0.00 66.00  0.00 20209.20 
4  56.00  0.00 57.00  0.00 66.00  0.00 67.00  0.00 17772.44 
4  57.00  0.00 58.00  0.00 59.00  0.00 60.00  0.00 25.32 
4  57.00  0.00 58.00  0.00 60.00  0.00 61.00  0.00 5937.61 
4  57.00  0.00 58.00  0.00 61.00  0.00 62.00  0.00 2147.97 
4  57.00  0.00 58.00  0.00 62.00  0.00 63.00  0.00 2326.12 
4  57.00  0.00 58.00  0.00 63.00  0.00 64.00  0.00 4513.97 
4  57.00  0.00 58.00  0.00 64.00  0.00 65.00  0.00 51019.54 
4  57.00  0.00 58.00  0.00 65.00  0.00 66.00  0.00 26471.80 
4  57.00  0.00 58.00  0.00 66.00  0.00 67.00  0.00 747.75 
4  57.00  0.00 58.00  0.00 67.00  0.00 68.00  0.00 8004.13 
4  58.00  0.00 59.00  0.00 60.00  0.00 61.00  0.00 628.32 
4  58.00  0.00 59.00  0.00 61.00  0.00 62.00  0.00 148.10 
4  58.00  0.00 59.00  0.00 62.00  0.00 63.00  0.00 6395.38 
4  58.00  0.00 59.00  0.00 63.00  0.00 64.00  0.00 280.20 
4  58.00  0.00 59.00  0.00 64.00  0.00 65.00  0.00 3044.93 
4  58.00  0.00 59.00  0.00 65.00  0.00 66.00  0.00 454.99 
4  58.00  0.00 59.00  0.00 66.00  0.00 67.00  0.00 5780.52 
4  58.00  0.00 59.00  0.00 67.00  0.00 68.00  0.00 14570.20 
4  58.00  0.00 59.00  0.00 68.00  0.00 69.00  0.00 181426.95 
4  59.00  0.00 60.00  0.00 61.00  0.00 62.00  0.00 39.27 
4  59.00  0.00 60.00  0.00 62.00  0.00 63.00  0.00 461.81 
4  59.00  0.00 60.00  0.00 63.00  0.00 64.00  0.00 114.56 
4  59.00  0.00 60.00  0.00 64.00  0.00 65.00  0.00 2513.27 
4  59.00  0.00 60.00  0.00 65.00  0.00 66.00  0.00 7628.18 
4  59.00  0.00 60.00  0.00 66.00  0.00 67.00  0.00 10470.64 
4  59.00  0.00 60.00  0.00 67.00  0.00 68.00  0.00 24542.08 
4  59.00  0.00 60.00  0.00 68.00  0.00 69.00  0.00 17478.68 
4  59.00  0.00 60.00  0.00 69.00  0.00 70.00  0.00 14296.78 
4  60.00  0.00 61.00  0.00 62.00  0.00 63.00  0.00 3707.08 
4  60.00  0.00 61.00  0.00 63.00  0.00 64.00  0.00 303.69 
4  60.00  0.00 61.00  0.00 64.00  0.00 65.00  0.00 283.29 
4  60.00  0.00 61.00  0.00 65.00  0.00 66.00  0.00 4398.23 
4  60.00  0.00 61.00  0.00 66.00  0.00 67.00  0.00 10298.30 
4  60.00  0.00 61.00  0.00 67.00  0.00 68.00  0.00 1670.22 
4  60.00  0.00 61.00  0.00 68.00  0.00 69.00  0.00 3633.05 
4  60.00  0.00 61.00  0.00 69.00  0.00 70.00  0.00 225.07 
4  60.00  0.00 61.00  0.00 70.00  0.00 71.00  0.00 44708.78 
4  61.00  0.00 62.00  0.00 63.00  0.00 64.00  0.00 17.67 
4  61.00  0.00 62.00  0.00 64.00  0.00 65.00  0.00 3557.85 
4  61.00  0.00 62.00  0.00 65.00  0.00 66.00  0.00 38.63 
4  61.00  0.00 62.00  0.00 66.00  0.00 67.00  0.00 218654.88 
4  61.00  0.00 62.00  0.00 67.00  0.00 68.00  0.00 1709.31 
4  61.00  0.00 62.00  0.00 68.00  0.00 69.00  0.00 3518.59 
4  61.00  0.00 62.00  0.00 69.00  0.00 70.00  0.00 920.56 
4  61.00  0.00 62.00  0.00 70.00  0.00 71.00  0.00 1615.68 
4  62.00  0.00 63.00  0.00 64.00  0.00 65.00  0.00 747.70 
4  62.00  0.00 63.00  0.00 65.00  0.00 66.00  0.00 664.22 
4  62.00  0.00 63.00  0.00 66.00  0.00 67.00  0.00 1072.97 
4  62.00  0.00 63.00  0.00 67.00  0.00 68.00  0.00 249.81 
4  62.00  0.00 63.00  0.00 68.00  0.00 69.00  0.00 7215.85 
4  62.00  0.00 63.00  0.00 69.00  0.00 70.00  0.00 3518.59 
4  62.00  0.00 63.00  0.00 70.00  0.00 71.00  0.00 33929.14 
4  63.00  0.00 64.00  0.00 65.00  0.00 66.00  0.00 5.89 
4  63.00  0.00 64.00  0.00 66.00  0.00 67.00  0.00 245.62 
4  63.00  0.00 64.00  0.00 67.00  0.00 68.00  0.00 1585.76 
4  63.00  0.00 64.00  0.00 68.00  0.00 69.00  0.00 23561.95 
4  63.00  0.00 64.00  0.00 69.00  0.00 70.00  0.00 415632.75 
4  63.00  0.00 64.00  0.00 70.00  0.00 71.00  0.00 2660.40 
4  64.00  0.00 65.00  0.00 66.00  0.00 67.00  0.00 0.00 
4  64.00  0.00 65.00  0.00 67.00  0.00 68.00  0.00 864.86 
4  64.00  0.00 65.00  0.00 68.00  0.00 69.00  0.00 2682.44 
4  64.00  0.00 65.00  0.00 69.00  0.00 70.00  0.00 728.85 
4  64.00  0.00 65.00  0.00 70.00  0.00 71.00  0.00 16257.74 
4  65.00  0.00 66.00  0.00 67.00  0.00 68.00  0.00 179.33 
4  65.00  0.00 66.00  0.00 68.00  0.00 69.00  0.00 1184.83 
4  65.00  0.00 66.00  0.00 69.00  0.00 70.00  0.00 603.19 
4  65.00  0.00 66.00  0.00 70.00  0.00 71.00  0.00 49008.85 
4  66.00  0.00 67.00  0.00 68.00  0.00 69.00  0.00 80.78 
4  66.00  0.00 67.00  0.00 69.00  0.00 70.00  0.00 364.63 
4  66.00  0.00 67.00  0.00 70.00  0.00 71.00  0.00 162.50 
4  67.00  0.00 68.00  0.00 69.00  0.00 70.00  0.00 130.34 
4  67.00  0.00 68.00  0.00 70.00  0.00 71.00  0.00 35.75 
4  68.00  0.00 69.00  0.00 70.00  0.00 71.00  0.00 11.86 
4  61.00  0.00 62.00  0.00 71.00  0.00 72.00  0.00 4882.25 
4  62.00  0.00 63.00  0.00 71.00  0.00 72.00  0.00 3909.54 
4  62.00  0.00 63.00  0.00 72.00  0.00 73.00  0.00 16964.60 
4  63.00  0.00 64.00  0.00 71.00  0.00 72.00  0.00 81806.93 
4  63.00  0.00 64.00  0.00 72.00  0.00 73.00  0.00 11768.24 
4  63.00  0.00 64.00  0.00 73.00  0.00 74.00  0.00 22030.42 
4  64.00  0.00 65.00  0.00 71.00  0.00 72.00  0.00 4498.20 
4  64.00  0.00 65.00  0.00 72.00  0.00 73.00  0.00 38307.10 
4  64.00  0.00 65.00  0.00 73.00  0.00 74.00  0.00 5065.82 
4  64.00  0.00 65.00  0.00 74.00  0.00 75.00  0.00 43542.46 
4  65.00  0.00 66.00  0.00 71.00  0.00 72.00  0.00 519.48 
4  65.00  0.00 66.00  0.00 72.00  0.00 73.00  0.00 15599.08 
4  65.00  0.00 66.00  0.00 73.00  0.00 74.00  0.00 22760.80 
4  65.00  0.00 66.00  0.00 74.00  0.00 75.00  0.00 44812.17 
4  65.00  0.00 66.00  0.00 75.00  0.00 76.00  0.00 46652.64 
4  66.00  0.00 67.00  0.00 71.00  0.00 72.00  0.00 673.20 
4  66.00  0.00 67.00  0.00 72.00  0.00 73.00  0.00 17812.83 
4  66.00  0.00 67.00  0.00 73.00  0.00 74.00  0.00 4439.34 
4  66.00  0.00 67.00  0.00 74.00  0.00 75.00  0.00 170.25 
4  66.00  0.00 67.00  0.00 75.00  0.00 76.00  0.00 538.56 
4  66.00  0.00 67.00  0.00 76.00  0.00 77.00  0.00 29119.79 
4  67.00  0.00 68.00  0.00 71.00  0.00 72.00  0.00 1246.82 
4  67.00  0.00 68.00  0.00 72.00  0.00 73.00  0.00 28543.62 
4  67.00  0.00 68.00  0.00 73.00  0.00 74.00  0.00 7304.20 
4  67.00  0.00 68.00  0.00 74.00  0.00 75.00  0.00 30060.98 
4  67.00  0.00 68.00  0.00 75.00  0.00 76.00  0.00 9915.22 
4  67.00  0.00 68.00  0.00 76.00  0.00 77.00  0.00 69914.73 
4  67.00  0.00 68.00  0.00 77.00  0.00 78.00  0.00 14033.72 
4  68.00  0.00 69.00  0.00 71.00  0.00 72.00  0.00 1217.97 
4  68.00  0.00 69.00  0.00 72.00  0.00 73.00  0.00 235.62 
4  68.00  0.00 69.00  0.00 73.00  0.00 74.00  0.00 165.35 
4  68.00  0.00 69.00  0.00 74.00  0.00 75.00  0.00 6283.19 
4  68.00  0.00 69.00  0.00 75.00  0.00 76.00  0.00 10075.96 
4  68.00  0.00 69.00  0.00 76.00  0.00 77.00  0.00 4178.31 
4  68.00  0.00 69.00  0.00 77.00  0.00 78.00  0.00 22619.47 
4  68.00  0.00 69.00  0.00 78.00  0.00 79.00  0.00 20216.14 
4  69.00  0.00 70.00  0.00 71.00  0.00 72.00  0.00 99.48 
4  69.00  0.00 70.00  0.00 72.00  0.00 73.00  0.00 53.86 
4  69.00  0.00 70.00  0.00 73.00  0.00 74.00  0.00 60.16 
4  69.00  0.00 70.00  0.00 74.00  0.00 75.00  0.00 3204.42 
4  69.00  0.00 70.00  0.00 75.00  0.00 76.00  0.00 291.06 
4  69.00  0.00 70.00  0.00 76.00  0.00 77.00  0.00 13722.50 
4  69.00  0.00 70.00  0.00 77.00  0.00 78.00  0.00 108196.27 
4  69.00  0.00 70.00  0.00 78.00  0.00 79.00  0.00 15774.10 
4  69.00  0.00 70.00  0.00 79.00  0.00 80.00  0.00 7103.49 
4  70.00  0.00 71.00  0.00 72.00  0.00 73.00  0.00 21.63 
4  70.00  0.00 71.00  0.00 73.00  0.00 74.00  0.00 482.81 
4  70.00  0.00 71.00  0.00 74.00  0.00 75.00  0.00 3750.68 
4  70.00  0.00 71.00  0.00 75.00  0.00 76.00  0.00 392.70 
4  70.00  0.00 71.00  0.00 76.00  0.00 77.00  0.00 4306.60 
4  70.00  0.00 71.00  0.00 77.00  0.00 78.00  0.00 2800.51 
4  70.00  0.00 71.00  0.00 78.00  0.00 79.00  0.00 7515.95 
4  70.00  0.00 71.00  0.00 79.00  0.00 80.00  0.00 7068.58 
4  70.00  0.00 71.00  0.00 80.00  0.00 81.00  0.00 14844.02 
4  71.00  0.00 72.00  0.00 73.00  0.00 74.00  0.00 130.15 
4  71.00  0.00 72.00  0.00 74.00  0.00 75.00  0.00 855.48 
4  71.00  0.00 72.00  0.00 75.00  0.00 76.00  0.00 1118.41 
4  71.00  0.00 72.00  0.00 76.00  0.00 77.00  0.00 1754.96 
4  71.00  0.00 72.00  0.00 77.00  0.00 78.00  0.00 824.67 
4  71.00  0.00 72.00  0.00 78.00  0.00 79.00  0.00 79.97 
4  71.00  0.00 72.00  0.00 79.00  0.00 80.00  0.00 4656.94 
4  71.00  0.00 72.00  0.00 80.00  0.00 81.00  0.00 3365.99 
4  71.00  0.00 72.00  0.00 81.00  0.00 82.00  0.00 1663944.25 
4  72.00  0.00 73.00  0.00 74.00  0.00 75.00  0.00 879.65 
4  72.00  0.00 73.00  0.00 75.00  0.00 76.00  0.00 248.37 
4  72.00  0.00 73.00  0.00 76.00  0.00 77.00  0.00 468.38 
4  72.00  0.00 73.00  0.00 77.00  0.00 78.00  0.00 220.76 
4  72.00  0.00 73.00  0.00 78.00  0.00 79.00  0.00 4443.11 
4  72.00  0.00 73.00  0.00 79.00  0.00 80.00  0.00 19211.49 
4  72.00  0.00 73.00  0.00 80.00  0.00 81.00  0.00 14953.96 
4  72.00  0.00 73.00  0.00 81.00  0.00 82.00  0.00 876.72 
4  72.00  0.00 73.00  0.00 82.00  0.00 83.00  0.00 17980.71 
4  73.00  0.00 74.00  0.00 75.00  0.00 76.00  0.00 135.89 
4  73.00  0.00 74.00  0.00 76.00  0.00 77.00  0.00 289.99 
4  73.00  0.00 74.00  0.00 77.00  0.00 78.00  0.00 1970.63 
4  73.00  0.00 74.00  0.00 78.00  0.00 79.00  0.00 4005.53 
4  73.00  0.00 74.00  0.00 79.00  0.00 80.00  0.00 4282.49 
4  73.00  0.00 74.00  0.00 80.00  0.00 81.00  0.00 34746.06 
4  73.00  0.00 74.00  0.00 81.00  0.00 82.00  0.00 35625.60 
4  73.00  0.00 74.00  0.00 82.00  0.00 83.00  0.00 297.62 
4  74.00  0.00 75.00  0.00 76.00  0.00 77.00  0.00 302.08 
4  74.00  0.00 75.00  0.00 77.00  0.00 78.00  0.00 2450.44 
4  74.00  0.00 75.00  0.00 78.00  0.00 79.00  0.00 12063.71 
4  74.00  0.00 75.00  0.00 79.00  0.00 80.00  0.00 1545.66 
4  74.00  0.00 75.00  0.00 80.00  0.00 81.00  0.00 3892.43 
4  74.00  0.00 75.00  0.00 81.00  0.00 82.00  0.00 354.00 
4  74.00  0.00 75.00  0.00 82.00  0.00 83.00  0.00 23141.42 
4  75.00  0.00 76.00  0.00 77.00  0.00 78.00  0.00 9.92 
4  75.00  0.00 76.00  0.00 78.00  0.00 79.00  0.00 40715.05 
4  75.00  0.00 76.00  0.00 79.00  0.00 80.00  0.00 1826.66 
4  75.00  0.00 76.00  0.00 80.00  0.00 81.00  0.00 2238.39 
4  75.00  0.00 76.00  0.00 81.00  0.00 82.00  0.00 3639.91 
4  75.00  0.00 76.00  0.00 82.00  0.00 83.00  0.00 532.63 
4  76.00  0.00 77.00  0.00 78.00  0.00 79.00  0.00 68.54 
4  76.00  0.00 77.00  0.00 79.00  0.00 80.00  0.00 83.78 
4  76.00  0.00 77.00  0.00 80.00  0.00 81.00  0.00 652.48 
4  76.00  0.00 77.00  0.00 81.00  0.00 82.00  0.00 1517.76 
4  76.00  0.00 77.00  0.00 82.00  0.00 83.00  0.00 2817.62 
4  77.00  0.00 78.00  0.00 79.00  0.00 80.00  0.00 1295.91 
4  77.00  0.00 78.00  0.00 80.00  0.00 81.00  0.00 52.85 
4  77.00  0.00 78.00  0.00 81.00  0.00 82.00  0.00 1579.29 
4  77.00  0.00 78.00  0.00 82.00  0.00 83.00  0.00 171.36 
4  78.00  0.00 79.00  0.00 80.00  0.00 81.00  0.00 19.63 
4  78.00  0.00 79.00  0.00 81.00  0.00 82.00  0.00 245.68 
4  78.00  0.00 79.00  0.00 82.00  0.00 83.00  0.00 77.37 
4  79.00  0.00 80.00  0.00 81.00  0.00 82.00  0.00 43.13 
4  79.00  0.00 80.00  0.00 82.00  0.00 83.00  0.00 3392.92 
4  80.00  0.00 81.00  0.00 82.00  0.00 83.00  0.00 61.85 
4  73.00  0.00 74.00  0.00 83.00  0.00 84.00  0.00 4717.68 
4  74.00  0.00 75.00  0.00 83.00  0.00 84.00  0.00 15447.44 
4  74.00  0.00 75.00  0.00 84.00  0.00 85.00  0.00 5314.86 
4  75.00  0.00 76.00  0.00 83.00  0.00 84.00  0.00 17554.64 
4  75.00  0.00 76.00  0.00 84.00  0.00 85.00  0.00 36992.26 
4  75.00  0.00 76.00  0.00 85.00  0.00 86.00  0.00 27032.37 
4  76.00  0.00 77.00  0.00 83.00  0.00 84.00  0.00 561.48 
4  76.00  0.00 77.00  0.00 84.00  0.00 85.00  0.00 8692.96 
4  76.00  0.00 77.00  0.00 85.00  0.00 86.00  0.00 42577.83 
4  76.00  0.00 77.00  0.00 86.00  0.00 87.00  0.00 3921.53 
4  77.00  0.00 78.00  0.00 83.00  0.00 84.00  0.00 9507.94 
4  77.00  0.00 78.00  0.00 84.00  0.00 85.00  0.00 14514.18 
4  77.00  0.00 78.00  0.00 85.00  0.00 86.00  0.00 6501.51 
4  77.00  0.00 78.00  0.00 86.00  0.00 87.00  0.00 15758.23 
4  77.00  0.00 78.00  0.00 87.00  0.00 88.00  0.00 42505.74 
4  78.00  0.00 79.00  0.00 83.00  0.00 84.00  0.00 175.34 
4  78.00  0.00 79.00  0.00 84.00  0.00 85.00  0.00 558.24 
4  78.00  0.00 79.00  0.00 85.00  0.00 86.00  0.00 494.05 
4  78.00  0.00 79.00  0.00 86.00  0.00 87.00  0.00 4670.91 
4  78.00  0.00 79.00  0.00 87.00  0.00 88.00  0.00 37302.29 
4  78.00  0.00 79.00  0.00 88.00  0.00 89.00  0.00 240849.00 
4  79.00  0.00 80.00  0.00 83.00  0.00 84.00  0.00 1229.32 
4  79.00  0.00 80.00  0.00 84.00  0.00 85.00  0.00 1005.31 
4  79.00  0.00 80.00  0.00 85.00  0.00 86.00  0.00 2763.17 
4  79.00  0.00 80.00  0.00 86.00  0.00 87.00  0.00 4449.12 
4  79.00  0.00 80.00  0.00 87.00  0.00 88.00  0.00 10255.85 
4  79.00  0.00 80.00  0.00 88.00  0.00 89.00  0.00 40212.39 
4  79.00  0.00 80.00  0.00 89.00  0.00 90.00  0.00 30119.60 
4  80.00  0.00 81.00  0.00 83.00  0.00 84.00  0.00 1123.43 
4  80.00  0.00 81.00  0.00 84.00  0.00 85.00  0.00 5089.38 
4  80.00  0.00 81.00  0.00 85.00  0.00 86.00  0.00 48.96 
4  80.00  0.00 81.00  0.00 86.00  0.00 87.00  0.00 5157.08 
4  80.00  0.00 81.00  0.00 87.00  0.00 88.00  0.00 527.79 
4  80.00  0.00 81.00  0.00 88.00  0.00 89.00  0.00 29929.37 
4  80.00  0.00 81.00  0.00 89.00  0.00 90.00  0.00 837.76 
4  80.00  0.00 81.00  0.00 90.00  0.00 91.00  0.00 31327.13 
4  81.00  0.00 82.00  0.00 83.00  0.00 84.00  0.00 23.15 
4  81.00  0.00 82.00  0.00 84.00  0.00 85.00  0.00 1167.75 
4  81.00  0.00 82.00  0.00 85.00  0.00 86.00  0.00 624.39 
4  81.00  0.00 82.00  0.00 86.00  0.00 87.00  0.00 7422.01 
4  81.00  0.00 82.00  0.00 87.00  0.00 88.00  0.00 5986.48 
4  81.00  0.00 82.00  0.00 88.00  0.00 89.00  0.00 416952.75 
4  81.00  0.00 82.00  0.00 89.00  0.00 90.00  0.00 2878.84 
4  81.00  0.00 82.00  0.00 90.00  0.00 91.00  0.00 5579.47 
4  81.00  0.00 82.00  0.00 91.00  0.00 92.00  0.00 50414.96 
4  82.00  0.00 83.00  0.00 84.00  0.00 85.00  0.00 117.81 
4  82.00  0.00 83.00  0.00 85.00  0.00 86.00  0.00 466.28 
4  82.00  0.00 83.00  0.00 86.00  0.00 87.00  0.00 8246.68 
4  82.00  0.00 83.00  0.00 87.00  0.00 88.00  0.00 851.27 
4  82.00  0.00 83.00  0.00 88.00  0.00 89.00  0.00 3537.71 
4  82.00  0.00 83.00  0.00 89.00  0.00 90.00  0.00 1256.64 
4  82.00  0.00 83.00  0.00 90.00  0.00 91.00  0.00 41901.11 
4  82.00  0.00 83.00  0.00 91.00  0.00 92.00  0.00 52900.38 
4  82.00  0.00 83.00  0.00 92.00  0.00 93.00  0.00 44514.39 
4  83.00  0.00 84.00  0.00 85.00  0.00 86.00  0.00 25.24 
4  83.00  0.00 84.00  0.00 86.00  0.00 87.00  0.00 251.33 
4  83.00  0.00 84.00  0.00 87.00  0.00 88.00  0.00 20.27 
4  83.00  0.00 84.00  0.00 88.00  0.00 89.00  0.00 1970.64 
4  83.00  0.00 84.00  0.00 89.00  0.00 90.00  0.00 618.50 
4  83.00  0.00 84.00  0.00 90.00  0.00 91.00  0.00 3769.92 
4  83.00  0.00 84.00  0.00 91.00  0.00 92.00  0.00 161214.83 
4  83.00  0.00 84.00  0.00 92.00  0.00 93.00  0.00 658226.62 
4  83.00  0.00 84.00  0.00 93.00  0.00 94.00  0.00 16274.18 
4  84.00  0.00 85.00  0.00 86.00  0.00 87.00  0.00 1186.41 
4  84.00  0.00 85.00  0.00 87.00  0.00 88.00  0.00 262.75 
4  84.00  0.00 85.00  0.00 88.00  0.00 89.00  0.00 344.81 
4  84.00  0.00 85.00  0.00 89.00  0.00 90.00  0.00 235.62 
4  84.00  0.00 85.00  0.00 90.00  0.00 91.00  0.00 651.05 
4  84.00  0.00 85.00  0.00 91.00  0.00 92.00  0.00 5966.30 
4  84.00  0.00 85.00  0.00 92.00  0.00 93.00  0.00 3325.06 
4  84.00  0.00 85.00  0.00 93.00  0.00 94.00  0.00 14137.17 
4  84.00  0.00 85.00  0.00 94.00  0.00 95.00  0.00 36285.39 
4  85.00  0.00 86.00  0.00 87.00  0.00 88.00  0.00 198.97 
4  85.00  0.00 86.00  0.00 88.00  0.00 89.00  0.00 923.63 
4  85.00  0.00 86.00  0.00 89.00  0.00 90.00  0.00 1282.82 
4  85.00  0.00 86.00  0.00 90.00  0.00 91.00  0.00 1337.71 
4  85.00  0.00 86.00  0.00 91.00  0.00 92.00  0.00 5051.09 
4  85.00  0.00 86.00  0.00 92.00  0.00 93.00  0.00 48556.52 
4  85.00  0.00 86.00  0.00 93.00  0.00 94.00  0.00 1439.42 
4  85.00  0.00 86.00  0.00 94.00  0.00 95.00  0.00 11309.74 
4  86.00  0.00 87.00  0.00 88.00  0.00 89.00  0.00 20.94 
4  86.00  0.00 87.00  0.00 89.00  0.00 90.00  0.00 1036.73 
4  86.00  0.00 87.00  0.00 90.00  0.00 91.00  0.00 2372.44 
4  86.00  0.00 87.00  0.00 91.00  0.00 92.00  0.00 538.56 
4  86.00  0.00 87.00  0.00 92.00  0.00 93.00  0.00 2537.44 
4  86.00  0.00 87.00  0.00 93.00  0.00 94.00  0.00 24949.99 
4  86.00  0.00 87.00  0.00 94.00  0.00 95.00  0.00 9632.11 
4  87.00  0.00 88.00  0.00 89.00  0.00 90.00  0.00 16.85 
4  87.00  0.00 88.00  0.00 90.00  0.00 91.00  0.00 1815.14 
4  87.00  0.00 88.00  0.00 91.00  0.00 92.00  0.00 2722.71 
4  87.00  0.00 88.00  0.00 92.00  0.00 93.00  0.00 2901.56 
4  87.00  0.00 88.00  0.00 93.00  0.00 94.00  0.00 1032.24 
4  87.00  0.00 88.00  0.00 94.00  0.00 95.00  0.00 15063.96 
4  88.00  0.00 89.00  0.00 90.00  0.00 91.00  0.00 2890.27 
4  88.00  0.00 89.00  0.00 91.00  0.00 92.00  0.00 3245.40 
4  88.00  0.00 89.00  0.00 92.00  0.00 93.00  0.00 3684.23 
4  88.00  0.00 89.00  0.00 93.00  0.00 94.00  0.00 6193.43 
4  88.00  0.00 89.00  0.00 94.00  0.00 95.00  0.00 2940.12 
4  89.00  0.00 90.00  0.00 91.00  0.00 92.00  0.00 58.34 
4  89.00  0.00 90.00  0.00 92.00  0.00 93.00  0.00 6139.57 
4  89.00  0.00 90.00  0.00 93.00  0.00 94.00  0.00 1796.04 
4  89.00  0.00 90.00  0.00 94.00  0.00 95.00  0.00 3687.96 
4  90.00  0.00 91.00  0.00 92.00  0.00 93.00  0.00 4066.12 
4  90.00  0.00 91.00  0.00 93.00  0.00 94.00  0.00 133.06 
4  90.00  0.00 91.00  0.00 94.00  0.00 95.00  0.00 155.95 
4  91.00  0.00 92.00  0.00 93.00  0.00 94.00  0.00 109.53 
4  91.00  0.00 92.00  0.00 94.00  0.00 95.00  0.00 1587.33 
4  92.00  0.00 93.00  0.00 94.00  0.00 95.00  0.00 0.00 
0
0
0
0
