mcline1.bin
         1.00
11
3
Type of measurement (0=app. resistivity,1=resistance)
0
801
 2
0
4  0.00  0.00 1.00  0.00 2.00  0.00 3.00  0.00 118.54 
4  0.00  0.00 1.00  0.00 3.00  0.00 4.00  0.00 68.27 
4  0.00  0.00 1.00  0.00 4.00  0.00 5.00  0.00 56.67 
4  0.00  0.00 1.00  0.00 5.00  0.00 6.00  0.00 50.00 
4  0.00  0.00 1.00  0.00 6.00  0.00 7.00  0.00 38.59 
4  0.00  0.00 1.00  0.00 7.00  0.00 8.00  0.00 51.12 
4  0.00  0.00 1.00  0.00 8.00  0.00 9.00  0.00 48.84 
4  0.00  0.00 1.00  0.00 9.00  0.00 10.00  0.00 45.78 
4  0.00  0.00 1.00  0.00 10.00  0.00 11.00  0.00 59.95 
4  1.00  0.00 2.00  0.00 3.00  0.00 4.00  0.00 112.82 
4  1.00  0.00 2.00  0.00 4.00  0.00 5.00  0.00 71.14 
4  1.00  0.00 2.00  0.00 5.00  0.00 6.00  0.00 55.29 
4  1.00  0.00 2.00  0.00 6.00  0.00 7.00  0.00 44.75 
4  1.00  0.00 2.00  0.00 7.00  0.00 8.00  0.00 48.17 
4  1.00  0.00 2.00  0.00 8.00  0.00 9.00  0.00 46.93 
4  1.00  0.00 2.00  0.00 9.00  0.00 10.00  0.00 60.09 
4  1.00  0.00 2.00  0.00 10.00  0.00 11.00  0.00 49.07 
4  1.00  0.00 2.00  0.00 11.00  0.00 12.00  0.00 79.17 
4  2.00  0.00 3.00  0.00 4.00  0.00 5.00  0.00 106.29 
4  2.00  0.00 3.00  0.00 5.00  0.00 6.00  0.00 66.88 
4  2.00  0.00 3.00  0.00 6.00  0.00 7.00  0.00 45.73 
4  2.00  0.00 3.00  0.00 7.00  0.00 8.00  0.00 49.78 
4  2.00  0.00 3.00  0.00 8.00  0.00 9.00  0.00 47.32 
4  2.00  0.00 3.00  0.00 9.00  0.00 10.00  0.00 50.52 
4  2.00  0.00 3.00  0.00 10.00  0.00 11.00  0.00 58.53 
4  2.00  0.00 3.00  0.00 11.00  0.00 12.00  0.00 54.10 
4  2.00  0.00 3.00  0.00 12.00  0.00 13.00  0.00 78.78 
4  3.00  0.00 4.00  0.00 5.00  0.00 6.00  0.00 106.30 
4  3.00  0.00 4.00  0.00 6.00  0.00 7.00  0.00 55.92 
4  3.00  0.00 4.00  0.00 7.00  0.00 8.00  0.00 49.84 
4  3.00  0.00 4.00  0.00 8.00  0.00 9.00  0.00 45.61 
4  3.00  0.00 4.00  0.00 9.00  0.00 10.00  0.00 49.57 
4  3.00  0.00 4.00  0.00 10.00  0.00 11.00  0.00 51.61 
4  3.00  0.00 4.00  0.00 11.00  0.00 12.00  0.00 57.75 
4  3.00  0.00 4.00  0.00 12.00  0.00 13.00  0.00 60.69 
4  3.00  0.00 4.00  0.00 13.00  0.00 14.00  0.00 69.71 
4  4.00  0.00 5.00  0.00 6.00  0.00 7.00  0.00 122.31 
4  4.00  0.00 5.00  0.00 7.00  0.00 8.00  0.00 73.17 
4  4.00  0.00 5.00  0.00 8.00  0.00 9.00  0.00 49.79 
4  4.00  0.00 5.00  0.00 9.00  0.00 10.00  0.00 49.39 
4  4.00  0.00 5.00  0.00 10.00  0.00 11.00  0.00 48.22 
4  4.00  0.00 5.00  0.00 11.00  0.00 12.00  0.00 50.01 
4  4.00  0.00 5.00  0.00 12.00  0.00 13.00  0.00 43.67 
4  4.00  0.00 5.00  0.00 13.00  0.00 14.00  0.00 43.46 
4  4.00  0.00 5.00  0.00 14.00  0.00 15.00  0.00 53.00 
4  5.00  0.00 6.00  0.00 7.00  0.00 8.00  0.00 159.60 
4  5.00  0.00 6.00  0.00 8.00  0.00 9.00  0.00 75.50 
4  5.00  0.00 6.00  0.00 9.00  0.00 10.00  0.00 57.75 
4  5.00  0.00 6.00  0.00 10.00  0.00 11.00  0.00 46.37 
4  5.00  0.00 6.00  0.00 11.00  0.00 12.00  0.00 49.62 
4  5.00  0.00 6.00  0.00 12.00  0.00 13.00  0.00 50.06 
4  5.00  0.00 6.00  0.00 13.00  0.00 14.00  0.00 56.01 
4  5.00  0.00 6.00  0.00 14.00  0.00 15.00  0.00 65.52 
4  5.00  0.00 6.00  0.00 15.00  0.00 16.00  0.00 51.97 
4  6.00  0.00 7.00  0.00 8.00  0.00 9.00  0.00 113.18 
4  6.00  0.00 7.00  0.00 9.00  0.00 10.00  0.00 67.51 
4  6.00  0.00 7.00  0.00 10.00  0.00 11.00  0.00 46.67 
4  6.00  0.00 7.00  0.00 11.00  0.00 12.00  0.00 42.34 
4  6.00  0.00 7.00  0.00 12.00  0.00 13.00  0.00 37.91 
4  6.00  0.00 7.00  0.00 13.00  0.00 14.00  0.00 2556.47 
4  6.00  0.00 7.00  0.00 14.00  0.00 15.00  0.00 942.48 
4  6.00  0.00 7.00  0.00 15.00  0.00 16.00  0.00 72208.31 
4  6.00  0.00 7.00  0.00 16.00  0.00 17.00  0.00 5383.00 
4  7.00  0.00 8.00  0.00 9.00  0.00 10.00  0.00 2874.56 
4  7.00  0.00 8.00  0.00 10.00  0.00 11.00  0.00 8.77 
4  7.00  0.00 8.00  0.00 11.00  0.00 12.00  0.00 0.00 
4  7.00  0.00 8.00  0.00 12.00  0.00 13.00  0.00 8383.09 
4  7.00  0.00 8.00  0.00 13.00  0.00 14.00  0.00 10530.38 
4  7.00  0.00 8.00  0.00 14.00  0.00 15.00  0.00 3442.10 
4  7.00  0.00 8.00  0.00 15.00  0.00 16.00  0.00 2638.93 
4  7.00  0.00 8.00  0.00 16.00  0.00 17.00  0.00 9767.50 
4  7.00  0.00 8.00  0.00 17.00  0.00 18.00  0.00 30324.21 
4  8.00  0.00 9.00  0.00 10.00  0.00 11.00  0.00 553.71 
4  8.00  0.00 9.00  0.00 11.00  0.00 12.00  0.00 2261.95 
4  8.00  0.00 9.00  0.00 12.00  0.00 13.00  0.00 1091.29 
4  8.00  0.00 9.00  0.00 13.00  0.00 14.00  0.00 2687.06 
4  8.00  0.00 9.00  0.00 14.00  0.00 15.00  0.00 18814.65 
4  8.00  0.00 9.00  0.00 15.00  0.00 16.00  0.00 13194.71 
4  8.00  0.00 9.00  0.00 16.00  0.00 17.00  0.00 2021.31 
4  8.00  0.00 9.00  0.00 17.00  0.00 18.00  0.00 7916.81 
4  8.00  0.00 9.00  0.00 18.00  0.00 19.00  0.00 7539.82 
4  9.00  0.00 10.00  0.00 11.00  0.00 12.00  0.00 2324.78 
4  9.00  0.00 10.00  0.00 12.00  0.00 13.00  0.00 113.10 
4  9.00  0.00 10.00  0.00 13.00  0.00 14.00  0.00 3141.59 
4  9.00  0.00 10.00  0.00 14.00  0.00 15.00  0.00 1937.32 
4  9.00  0.00 10.00  0.00 15.00  0.00 16.00  0.00 17318.03 
4  9.00  0.00 10.00  0.00 16.00  0.00 17.00  0.00 25099.27 
4  9.00  0.00 10.00  0.00 17.00  0.00 18.00  0.00 3653.91 
4  9.00  0.00 10.00  0.00 18.00  0.00 19.00  0.00 41759.03 
4  9.00  0.00 10.00  0.00 19.00  0.00 20.00  0.00 25033.13 
4  10.00  0.00 11.00  0.00 12.00  0.00 13.00  0.00 231.20 
4  10.00  0.00 11.00  0.00 13.00  0.00 14.00  0.00 89.76 
4  10.00  0.00 11.00  0.00 14.00  0.00 15.00  0.00 25918.13 
4  10.00  0.00 11.00  0.00 15.00  0.00 16.00  0.00 744.48 
4  10.00  0.00 11.00  0.00 16.00  0.00 17.00  0.00 1072.07 
4  10.00  0.00 11.00  0.00 17.00  0.00 18.00  0.00 5277.88 
4  10.00  0.00 11.00  0.00 18.00  0.00 19.00  0.00 32580.68 
4  10.00  0.00 11.00  0.00 19.00  0.00 20.00  0.00 30563.22 
4  10.00  0.00 11.00  0.00 20.00  0.00 21.00  0.00 13311.55 
4  11.00  0.00 12.00  0.00 13.00  0.00 14.00  0.00 680.68 
4  11.00  0.00 12.00  0.00 14.00  0.00 15.00  0.00 1507.96 
4  11.00  0.00 12.00  0.00 15.00  0.00 16.00  0.00 193.66 
4  11.00  0.00 12.00  0.00 16.00  0.00 17.00  0.00 2486.54 
4  11.00  0.00 12.00  0.00 17.00  0.00 18.00  0.00 16493.36 
4  11.00  0.00 12.00  0.00 18.00  0.00 19.00  0.00 2130.52 
4  11.00  0.00 12.00  0.00 19.00  0.00 20.00  0.00 2688.72 
4  11.00  0.00 12.00  0.00 20.00  0.00 21.00  0.00 286513.31 
4  11.00  0.00 12.00  0.00 21.00  0.00 22.00  0.00 3285.40 
4  12.00  0.00 13.00  0.00 14.00  0.00 15.00  0.00 114.64 
4  12.00  0.00 13.00  0.00 15.00  0.00 16.00  0.00 12943.37 
4  12.00  0.00 13.00  0.00 16.00  0.00 17.00  0.00 2120.57 
4  12.00  0.00 13.00  0.00 17.00  0.00 18.00  0.00 1187.78 
4  12.00  0.00 13.00  0.00 18.00  0.00 19.00  0.00 286984.50 
4  12.00  0.00 13.00  0.00 19.00  0.00 20.00  0.00 1301.88 
4  12.00  0.00 13.00  0.00 20.00  0.00 21.00  0.00 146460.78 
4  12.00  0.00 13.00  0.00 21.00  0.00 22.00  0.00 3431.92 
4  12.00  0.00 13.00  0.00 22.00  0.00 23.00  0.00 6384.05 
4  13.00  0.00 14.00  0.00 15.00  0.00 16.00  0.00 6.87 
4  13.00  0.00 14.00  0.00 16.00  0.00 17.00  0.00 14.78 
4  13.00  0.00 14.00  0.00 17.00  0.00 18.00  0.00 2827.43 
4  13.00  0.00 14.00  0.00 18.00  0.00 19.00  0.00 6349.32 
4  13.00  0.00 14.00  0.00 19.00  0.00 20.00  0.00 9712.76 
4  13.00  0.00 14.00  0.00 20.00  0.00 21.00  0.00 1427.62 
4  13.00  0.00 14.00  0.00 21.00  0.00 22.00  0.00 2474.00 
4  13.00  0.00 14.00  0.00 22.00  0.00 23.00  0.00 32369.24 
4  14.00  0.00 15.00  0.00 16.00  0.00 17.00  0.00 110.80 
4  14.00  0.00 15.00  0.00 17.00  0.00 18.00  0.00 942.48 
4  14.00  0.00 15.00  0.00 18.00  0.00 19.00  0.00 515.22 
4  14.00  0.00 15.00  0.00 19.00  0.00 20.00  0.00 9868.30 
4  14.00  0.00 15.00  0.00 20.00  0.00 21.00  0.00 39996.41 
4  14.00  0.00 15.00  0.00 21.00  0.00 22.00  0.00 8130.79 
4  14.00  0.00 15.00  0.00 22.00  0.00 23.00  0.00 12916.88 
4  15.00  0.00 16.00  0.00 17.00  0.00 18.00  0.00 9801.77 
4  15.00  0.00 16.00  0.00 18.00  0.00 19.00  0.00 124.28 
4  15.00  0.00 16.00  0.00 19.00  0.00 20.00  0.00 25682.51 
4  15.00  0.00 16.00  0.00 20.00  0.00 21.00  0.00 1998.81 
4  15.00  0.00 16.00  0.00 21.00  0.00 22.00  0.00 2537.44 
4  15.00  0.00 16.00  0.00 22.00  0.00 23.00  0.00 13194.71 
4  16.00  0.00 17.00  0.00 18.00  0.00 19.00  0.00 524.25 
4  16.00  0.00 17.00  0.00 19.00  0.00 20.00  0.00 6031.86 
4  16.00  0.00 17.00  0.00 20.00  0.00 21.00  0.00 1727.88 
4  16.00  0.00 17.00  0.00 21.00  0.00 22.00  0.00 5802.71 
4  16.00  0.00 17.00  0.00 22.00  0.00 23.00  0.00 38553.24 
4  17.00  0.00 18.00  0.00 19.00  0.00 20.00  0.00 59.98 
4  17.00  0.00 18.00  0.00 20.00  0.00 21.00  0.00 1833.55 
4  17.00  0.00 18.00  0.00 21.00  0.00 22.00  0.00 4914.35 
4  17.00  0.00 18.00  0.00 22.00  0.00 23.00  0.00 16838.94 
4  18.00  0.00 19.00  0.00 20.00  0.00 21.00  0.00 50.16 
4  18.00  0.00 19.00  0.00 21.00  0.00 22.00  0.00 695.98 
4  18.00  0.00 19.00  0.00 22.00  0.00 23.00  0.00 167.65 
4  19.00  0.00 20.00  0.00 21.00  0.00 22.00  0.00 71.71 
4  19.00  0.00 20.00  0.00 22.00  0.00 23.00  0.00 486.95 
4  20.00  0.00 21.00  0.00 22.00  0.00 23.00  0.00 324.63 
4  25.00  0.00 26.00  0.00 35.00  0.00 36.00  0.00 56.94 
4  26.00  0.00 27.00  0.00 35.00  0.00 36.00  0.00 49.70 
4  26.00  0.00 27.00  0.00 36.00  0.00 37.00  0.00 27.32 
4  27.00  0.00 28.00  0.00 35.00  0.00 36.00  0.00 43.23 
4  27.00  0.00 28.00  0.00 36.00  0.00 37.00  0.00 41.36 
4  27.00  0.00 28.00  0.00 37.00  0.00 38.00  0.00 46.70 
4  28.00  0.00 29.00  0.00 35.00  0.00 36.00  0.00 46.46 
4  28.00  0.00 29.00  0.00 36.00  0.00 37.00  0.00 46.44 
4  28.00  0.00 29.00  0.00 37.00  0.00 38.00  0.00 37.82 
4  28.00  0.00 29.00  0.00 38.00  0.00 39.00  0.00 50.61 
4  29.00  0.00 30.00  0.00 35.00  0.00 36.00  0.00 37.56 
4  29.00  0.00 30.00  0.00 36.00  0.00 37.00  0.00 41.72 
4  29.00  0.00 30.00  0.00 37.00  0.00 38.00  0.00 38.29 
4  29.00  0.00 30.00  0.00 38.00  0.00 39.00  0.00 40.67 
4  29.00  0.00 30.00  0.00 39.00  0.00 40.00  0.00 45.00 
4  30.00  0.00 31.00  0.00 35.00  0.00 36.00  0.00 37.65 
4  30.00  0.00 31.00  0.00 36.00  0.00 37.00  0.00 38.62 
4  30.00  0.00 31.00  0.00 37.00  0.00 38.00  0.00 39.09 
4  30.00  0.00 31.00  0.00 38.00  0.00 39.00  0.00 30.99 
4  30.00  0.00 31.00  0.00 39.00  0.00 40.00  0.00 45.33 
4  30.00  0.00 31.00  0.00 40.00  0.00 41.00  0.00 35.91 
4  31.00  0.00 32.00  0.00 35.00  0.00 36.00  0.00 34.42 
4  31.00  0.00 32.00  0.00 36.00  0.00 37.00  0.00 33.93 
4  31.00  0.00 32.00  0.00 37.00  0.00 38.00  0.00 36.48 
4  31.00  0.00 32.00  0.00 38.00  0.00 39.00  0.00 33.75 
4  31.00  0.00 32.00  0.00 39.00  0.00 40.00  0.00 37.13 
4  31.00  0.00 32.00  0.00 40.00  0.00 41.00  0.00 39.29 
4  31.00  0.00 32.00  0.00 41.00  0.00 42.00  0.00 50.80 
4  32.00  0.00 33.00  0.00 35.00  0.00 36.00  0.00 38.80 
4  32.00  0.00 33.00  0.00 36.00  0.00 37.00  0.00 34.25 
4  32.00  0.00 33.00  0.00 37.00  0.00 38.00  0.00 32.50 
4  32.00  0.00 33.00  0.00 38.00  0.00 39.00  0.00 36.39 
4  32.00  0.00 33.00  0.00 39.00  0.00 40.00  0.00 36.55 
4  32.00  0.00 33.00  0.00 40.00  0.00 41.00  0.00 37.56 
4  32.00  0.00 33.00  0.00 41.00  0.00 42.00  0.00 33.81 
4  32.00  0.00 33.00  0.00 42.00  0.00 43.00  0.00 21.14 
4  33.00  0.00 34.00  0.00 35.00  0.00 36.00  0.00 54.23 
4  33.00  0.00 34.00  0.00 36.00  0.00 37.00  0.00 34.56 
4  33.00  0.00 34.00  0.00 37.00  0.00 38.00  0.00 29.67 
4  33.00  0.00 34.00  0.00 38.00  0.00 39.00  0.00 27.77 
4  33.00  0.00 34.00  0.00 39.00  0.00 40.00  0.00 29.94 
4  33.00  0.00 34.00  0.00 40.00  0.00 41.00  0.00 27.66 
4  33.00  0.00 34.00  0.00 41.00  0.00 42.00  0.00 30.85 
4  33.00  0.00 34.00  0.00 42.00  0.00 43.00  0.00 31.75 
4  33.00  0.00 34.00  0.00 43.00  0.00 44.00  0.00 36.35 
4  34.00  0.00 35.00  0.00 36.00  0.00 37.00  0.00 60.69 
4  34.00  0.00 35.00  0.00 37.00  0.00 38.00  0.00 39.79 
4  34.00  0.00 35.00  0.00 38.00  0.00 39.00  0.00 31.01 
4  34.00  0.00 35.00  0.00 39.00  0.00 40.00  0.00 26.20 
4  34.00  0.00 35.00  0.00 40.00  0.00 41.00  0.00 23.69 
4  34.00  0.00 35.00  0.00 41.00  0.00 42.00  0.00 22.26 
4  34.00  0.00 35.00  0.00 42.00  0.00 43.00  0.00 35.13 
4  34.00  0.00 35.00  0.00 43.00  0.00 44.00  0.00 26.37 
4  34.00  0.00 35.00  0.00 44.00  0.00 45.00  0.00 39.44 
4  35.00  0.00 36.00  0.00 37.00  0.00 38.00  0.00 73.99 
4  35.00  0.00 36.00  0.00 38.00  0.00 39.00  0.00 36.57 
4  35.00  0.00 36.00  0.00 39.00  0.00 40.00  0.00 24.98 
4  35.00  0.00 36.00  0.00 40.00  0.00 41.00  0.00 23.11 
4  35.00  0.00 36.00  0.00 41.00  0.00 42.00  0.00 23.11 
4  35.00  0.00 36.00  0.00 42.00  0.00 43.00  0.00 24.20 
4  35.00  0.00 36.00  0.00 43.00  0.00 44.00  0.00 28.96 
4  35.00  0.00 36.00  0.00 44.00  0.00 45.00  0.00 31.03 
4  35.00  0.00 36.00  0.00 45.00  0.00 46.00  0.00 35.68 
4  36.00  0.00 37.00  0.00 38.00  0.00 39.00  0.00 77.63 
4  36.00  0.00 37.00  0.00 39.00  0.00 40.00  0.00 33.37 
4  36.00  0.00 37.00  0.00 40.00  0.00 41.00  0.00 24.03 
4  36.00  0.00 37.00  0.00 41.00  0.00 42.00  0.00 20.60 
4  36.00  0.00 37.00  0.00 42.00  0.00 43.00  0.00 22.49 
4  36.00  0.00 37.00  0.00 43.00  0.00 44.00  0.00 23.00 
4  36.00  0.00 37.00  0.00 44.00  0.00 45.00  0.00 25.70 
4  36.00  0.00 37.00  0.00 45.00  0.00 46.00  0.00 26.25 
4  36.00  0.00 37.00  0.00 46.00  0.00 47.00  0.00 29.47 
4  37.00  0.00 38.00  0.00 39.00  0.00 40.00  0.00 61.76 
4  37.00  0.00 38.00  0.00 40.00  0.00 41.00  0.00 29.87 
4  37.00  0.00 38.00  0.00 41.00  0.00 42.00  0.00 19.58 
4  37.00  0.00 38.00  0.00 42.00  0.00 43.00  0.00 18.82 
4  37.00  0.00 38.00  0.00 43.00  0.00 44.00  0.00 24.58 
4  37.00  0.00 38.00  0.00 44.00  0.00 45.00  0.00 20.26 
4  37.00  0.00 38.00  0.00 45.00  0.00 46.00  0.00 29.93 
4  37.00  0.00 38.00  0.00 46.00  0.00 47.00  0.00 30.25 
4  38.00  0.00 39.00  0.00 40.00  0.00 41.00  0.00 78.43 
4  38.00  0.00 39.00  0.00 41.00  0.00 42.00  0.00 30.62 
4  38.00  0.00 39.00  0.00 42.00  0.00 43.00  0.00 20.77 
4  38.00  0.00 39.00  0.00 43.00  0.00 44.00  0.00 18.71 
4  38.00  0.00 39.00  0.00 44.00  0.00 45.00  0.00 19.32 
4  38.00  0.00 39.00  0.00 45.00  0.00 46.00  0.00 23.38 
4  38.00  0.00 39.00  0.00 46.00  0.00 47.00  0.00 27.19 
4  39.00  0.00 40.00  0.00 41.00  0.00 42.00  0.00 69.99 
4  39.00  0.00 40.00  0.00 42.00  0.00 43.00  0.00 34.02 
4  39.00  0.00 40.00  0.00 43.00  0.00 44.00  0.00 20.62 
4  39.00  0.00 40.00  0.00 44.00  0.00 45.00  0.00 19.24 
4  39.00  0.00 40.00  0.00 45.00  0.00 46.00  0.00 18.39 
4  39.00  0.00 40.00  0.00 46.00  0.00 47.00  0.00 20.68 
4  40.00  0.00 41.00  0.00 42.00  0.00 43.00  0.00 73.69 
4  40.00  0.00 41.00  0.00 43.00  0.00 44.00  0.00 31.82 
4  40.00  0.00 41.00  0.00 44.00  0.00 45.00  0.00 20.73 
4  40.00  0.00 41.00  0.00 45.00  0.00 46.00  0.00 17.71 
4  40.00  0.00 41.00  0.00 46.00  0.00 47.00  0.00 18.83 
4  41.00  0.00 42.00  0.00 43.00  0.00 44.00  0.00 71.43 
4  41.00  0.00 42.00  0.00 44.00  0.00 45.00  0.00 30.30 
4  41.00  0.00 42.00  0.00 45.00  0.00 46.00  0.00 17.98 
4  41.00  0.00 42.00  0.00 46.00  0.00 47.00  0.00 16.42 
4  42.00  0.00 43.00  0.00 44.00  0.00 45.00  0.00 81.41 
4  42.00  0.00 43.00  0.00 45.00  0.00 46.00  0.00 29.89 
4  42.00  0.00 43.00  0.00 46.00  0.00 47.00  0.00 19.04 
4  43.00  0.00 44.00  0.00 45.00  0.00 46.00  0.00 86.43 
4  43.00  0.00 44.00  0.00 46.00  0.00 47.00  0.00 39.26 
4  44.00  0.00 45.00  0.00 46.00  0.00 47.00  0.00 109.37 
4  37.00  0.00 38.00  0.00 47.00  0.00 48.00  0.00 33.61 
4  38.00  0.00 39.00  0.00 47.00  0.00 48.00  0.00 21.66 
4  38.00  0.00 39.00  0.00 48.00  0.00 49.00  0.00 38.93 
4  39.00  0.00 40.00  0.00 47.00  0.00 48.00  0.00 24.87 
4  39.00  0.00 40.00  0.00 48.00  0.00 49.00  0.00 17.22 
4  39.00  0.00 40.00  0.00 49.00  0.00 50.00  0.00 38.65 
4  40.00  0.00 41.00  0.00 47.00  0.00 48.00  0.00 23.23 
4  40.00  0.00 41.00  0.00 48.00  0.00 49.00  0.00 24.88 
4  40.00  0.00 41.00  0.00 49.00  0.00 50.00  0.00 34.08 
4  40.00  0.00 41.00  0.00 50.00  0.00 51.00  0.00 48.54 
4  41.00  0.00 42.00  0.00 47.00  0.00 48.00  0.00 16.57 
4  41.00  0.00 42.00  0.00 48.00  0.00 49.00  0.00 18.44 
4  41.00  0.00 42.00  0.00 49.00  0.00 50.00  0.00 16.85 
4  41.00  0.00 42.00  0.00 50.00  0.00 51.00  0.00 23.51 
4  41.00  0.00 42.00  0.00 51.00  0.00 52.00  0.00 47.43 
4  42.00  0.00 43.00  0.00 47.00  0.00 48.00  0.00 16.19 
4  42.00  0.00 43.00  0.00 48.00  0.00 49.00  0.00 16.24 
4  42.00  0.00 43.00  0.00 49.00  0.00 50.00  0.00 16.93 
4  42.00  0.00 43.00  0.00 50.00  0.00 51.00  0.00 22.19 
4  42.00  0.00 43.00  0.00 51.00  0.00 52.00  0.00 14.17 
4  42.00  0.00 43.00  0.00 52.00  0.00 53.00  0.00 24.18 
4  43.00  0.00 44.00  0.00 47.00  0.00 48.00  0.00 19.94 
4  43.00  0.00 44.00  0.00 48.00  0.00 49.00  0.00 15.16 
4  43.00  0.00 44.00  0.00 49.00  0.00 50.00  0.00 15.67 
4  43.00  0.00 44.00  0.00 50.00  0.00 51.00  0.00 19.82 
4  43.00  0.00 44.00  0.00 51.00  0.00 52.00  0.00 13.06 
4  43.00  0.00 44.00  0.00 52.00  0.00 53.00  0.00 17.24 
4  43.00  0.00 44.00  0.00 53.00  0.00 54.00  0.00 20.59 
4  44.00  0.00 45.00  0.00 47.00  0.00 48.00  0.00 42.98 
4  44.00  0.00 45.00  0.00 48.00  0.00 49.00  0.00 20.28 
4  44.00  0.00 45.00  0.00 49.00  0.00 50.00  0.00 16.60 
4  44.00  0.00 45.00  0.00 50.00  0.00 51.00  0.00 17.81 
4  44.00  0.00 45.00  0.00 51.00  0.00 52.00  0.00 16.61 
4  44.00  0.00 45.00  0.00 52.00  0.00 53.00  0.00 12.20 
4  44.00  0.00 45.00  0.00 53.00  0.00 54.00  0.00 19.43 
4  44.00  0.00 45.00  0.00 54.00  0.00 55.00  0.00 45.75 
4  45.00  0.00 46.00  0.00 47.00  0.00 48.00  0.00 88.01 
4  45.00  0.00 46.00  0.00 48.00  0.00 49.00  0.00 34.11 
4  45.00  0.00 46.00  0.00 49.00  0.00 50.00  0.00 19.84 
4  45.00  0.00 46.00  0.00 50.00  0.00 51.00  0.00 18.30 
4  45.00  0.00 46.00  0.00 51.00  0.00 52.00  0.00 12.53 
4  45.00  0.00 46.00  0.00 52.00  0.00 53.00  0.00 9.16 
4  45.00  0.00 46.00  0.00 53.00  0.00 54.00  0.00 23.04 
4  45.00  0.00 46.00  0.00 54.00  0.00 55.00  0.00 28.81 
4  45.00  0.00 46.00  0.00 55.00  0.00 56.00  0.00 7.19 
4  46.00  0.00 47.00  0.00 48.00  0.00 49.00  0.00 74.33 
4  46.00  0.00 47.00  0.00 49.00  0.00 50.00  0.00 36.38 
4  46.00  0.00 47.00  0.00 50.00  0.00 51.00  0.00 23.84 
4  46.00  0.00 47.00  0.00 51.00  0.00 52.00  0.00 12.67 
4  46.00  0.00 47.00  0.00 52.00  0.00 53.00  0.00 15.79 
4  46.00  0.00 47.00  0.00 53.00  0.00 54.00  0.00 14.67 
4  46.00  0.00 47.00  0.00 54.00  0.00 55.00  0.00 13.66 
4  46.00  0.00 47.00  0.00 55.00  0.00 56.00  0.00 23.85 
4  46.00  0.00 47.00  0.00 56.00  0.00 57.00  0.00 27.55 
4  47.00  0.00 48.00  0.00 49.00  0.00 50.00  0.00 87.08 
4  47.00  0.00 48.00  0.00 50.00  0.00 51.00  0.00 50.85 
4  47.00  0.00 48.00  0.00 51.00  0.00 52.00  0.00 19.96 
4  47.00  0.00 48.00  0.00 52.00  0.00 53.00  0.00 16.72 
4  47.00  0.00 48.00  0.00 53.00  0.00 54.00  0.00 14.91 
4  47.00  0.00 48.00  0.00 54.00  0.00 55.00  0.00 14.05 
4  47.00  0.00 48.00  0.00 55.00  0.00 56.00  0.00 17.11 
4  47.00  0.00 48.00  0.00 56.00  0.00 57.00  0.00 20.68 
4  47.00  0.00 48.00  0.00 57.00  0.00 58.00  0.00 14.02 
4  48.00  0.00 49.00  0.00 50.00  0.00 51.00  0.00 101.16 
4  48.00  0.00 49.00  0.00 51.00  0.00 52.00  0.00 35.24 
4  48.00  0.00 49.00  0.00 52.00  0.00 53.00  0.00 19.14 
4  48.00  0.00 49.00  0.00 53.00  0.00 54.00  0.00 12.15 
4  48.00  0.00 49.00  0.00 54.00  0.00 55.00  0.00 12.36 
4  48.00  0.00 49.00  0.00 55.00  0.00 56.00  0.00 13.59 
4  48.00  0.00 49.00  0.00 56.00  0.00 57.00  0.00 17.74 
4  48.00  0.00 49.00  0.00 57.00  0.00 58.00  0.00 10.98 
4  48.00  0.00 49.00  0.00 58.00  0.00 59.00  0.00 5.61 
4  49.00  0.00 50.00  0.00 51.00  0.00 52.00  0.00 70.21 
4  49.00  0.00 50.00  0.00 52.00  0.00 53.00  0.00 32.78 
4  49.00  0.00 50.00  0.00 53.00  0.00 54.00  0.00 18.67 
4  49.00  0.00 50.00  0.00 54.00  0.00 55.00  0.00 14.79 
4  49.00  0.00 50.00  0.00 55.00  0.00 56.00  0.00 13.45 
4  49.00  0.00 50.00  0.00 56.00  0.00 57.00  0.00 10.80 
4  49.00  0.00 50.00  0.00 57.00  0.00 58.00  0.00 11.63 
4  49.00  0.00 50.00  0.00 58.00  0.00 59.00  0.00 20.58 
4  50.00  0.00 51.00  0.00 52.00  0.00 53.00  0.00 95.91 
4  50.00  0.00 51.00  0.00 53.00  0.00 54.00  0.00 42.02 
4  50.00  0.00 51.00  0.00 54.00  0.00 55.00  0.00 23.22 
4  50.00  0.00 51.00  0.00 55.00  0.00 56.00  0.00 12.74 
4  50.00  0.00 51.00  0.00 56.00  0.00 57.00  0.00 14.07 
4  50.00  0.00 51.00  0.00 57.00  0.00 58.00  0.00 18.61 
4  50.00  0.00 51.00  0.00 58.00  0.00 59.00  0.00 14.51 
4  51.00  0.00 52.00  0.00 53.00  0.00 54.00  0.00 80.72 
4  51.00  0.00 52.00  0.00 54.00  0.00 55.00  0.00 40.64 
4  51.00  0.00 52.00  0.00 55.00  0.00 56.00  0.00 18.84 
4  51.00  0.00 52.00  0.00 56.00  0.00 57.00  0.00 13.20 
4  51.00  0.00 52.00  0.00 57.00  0.00 58.00  0.00 11.15 
4  51.00  0.00 52.00  0.00 58.00  0.00 59.00  0.00 13.11 
4  52.00  0.00 53.00  0.00 54.00  0.00 55.00  0.00 96.21 
4  52.00  0.00 53.00  0.00 55.00  0.00 56.00  0.00 43.95 
4  52.00  0.00 53.00  0.00 56.00  0.00 57.00  0.00 24.69 
4  52.00  0.00 53.00  0.00 57.00  0.00 58.00  0.00 15.23 
4  52.00  0.00 53.00  0.00 58.00  0.00 59.00  0.00 13.18 
4  53.00  0.00 54.00  0.00 55.00  0.00 56.00  0.00 94.77 
4  53.00  0.00 54.00  0.00 56.00  0.00 57.00  0.00 51.20 
4  53.00  0.00 54.00  0.00 57.00  0.00 58.00  0.00 25.84 
4  53.00  0.00 54.00  0.00 58.00  0.00 59.00  0.00 17.27 
4  54.00  0.00 55.00  0.00 56.00  0.00 57.00  0.00 113.62 
4  54.00  0.00 55.00  0.00 57.00  0.00 58.00  0.00 54.48 
4  54.00  0.00 55.00  0.00 58.00  0.00 59.00  0.00 31.12 
4  55.00  0.00 56.00  0.00 57.00  0.00 58.00  0.00 92.55 
4  55.00  0.00 56.00  0.00 58.00  0.00 59.00  0.00 50.67 
4  56.00  0.00 57.00  0.00 58.00  0.00 59.00  0.00 105.67 
4  49.00  0.00 50.00  0.00 59.00  0.00 60.00  0.00 25.26 
4  50.00  0.00 51.00  0.00 59.00  0.00 60.00  0.00 16.79 
4  50.00  0.00 51.00  0.00 60.00  0.00 61.00  0.00 28.20 
4  51.00  0.00 52.00  0.00 59.00  0.00 60.00  0.00 22.11 
4  51.00  0.00 52.00  0.00 60.00  0.00 61.00  0.00 14.92 
4  51.00  0.00 52.00  0.00 61.00  0.00 62.00  0.00 17.14 
4  52.00  0.00 53.00  0.00 59.00  0.00 60.00  0.00 14.92 
4  52.00  0.00 53.00  0.00 60.00  0.00 61.00  0.00 17.83 
4  52.00  0.00 53.00  0.00 61.00  0.00 62.00  0.00 27.06 
4  52.00  0.00 53.00  0.00 62.00  0.00 63.00  0.00 28.67 
4  53.00  0.00 54.00  0.00 59.00  0.00 60.00  0.00 17.25 
4  53.00  0.00 54.00  0.00 60.00  0.00 61.00  0.00 30.18 
4  53.00  0.00 54.00  0.00 61.00  0.00 62.00  0.00 30.54 
4  53.00  0.00 54.00  0.00 62.00  0.00 63.00  0.00 22.97 
4  53.00  0.00 54.00  0.00 63.00  0.00 64.00  0.00 20.23 
4  54.00  0.00 55.00  0.00 59.00  0.00 60.00  0.00 23.95 
4  54.00  0.00 55.00  0.00 60.00  0.00 61.00  0.00 22.04 
4  54.00  0.00 55.00  0.00 61.00  0.00 62.00  0.00 21.31 
4  54.00  0.00 55.00  0.00 62.00  0.00 63.00  0.00 21.76 
4  54.00  0.00 55.00  0.00 63.00  0.00 64.00  0.00 14.66 
4  54.00  0.00 55.00  0.00 64.00  0.00 65.00  0.00 41.47 
4  55.00  0.00 56.00  0.00 59.00  0.00 60.00  0.00 32.64 
4  55.00  0.00 56.00  0.00 60.00  0.00 61.00  0.00 22.61 
4  55.00  0.00 56.00  0.00 61.00  0.00 62.00  0.00 17.01 
4  55.00  0.00 56.00  0.00 62.00  0.00 63.00  0.00 12.26 
4  55.00  0.00 56.00  0.00 63.00  0.00 64.00  0.00 21.54 
4  55.00  0.00 56.00  0.00 64.00  0.00 65.00  0.00 22.55 
4  55.00  0.00 56.00  0.00 65.00  0.00 66.00  0.00 23.99 
4  56.00  0.00 57.00  0.00 59.00  0.00 60.00  0.00 65.91 
4  56.00  0.00 57.00  0.00 60.00  0.00 61.00  0.00 41.27 
4  56.00  0.00 57.00  0.00 61.00  0.00 62.00  0.00 22.82 
4  56.00  0.00 57.00  0.00 62.00  0.00 63.00  0.00 17.11 
4  56.00  0.00 57.00  0.00 63.00  0.00 64.00  0.00 17.09 
4  56.00  0.00 57.00  0.00 64.00  0.00 65.00  0.00 17.51 
4  56.00  0.00 57.00  0.00 65.00  0.00 66.00  0.00 18.37 
4  56.00  0.00 57.00  0.00 66.00  0.00 67.00  0.00 20.68 
4  57.00  0.00 58.00  0.00 59.00  0.00 60.00  0.00 139.40 
4  57.00  0.00 58.00  0.00 60.00  0.00 61.00  0.00 89.22 
4  57.00  0.00 58.00  0.00 61.00  0.00 62.00  0.00 45.85 
4  57.00  0.00 58.00  0.00 62.00  0.00 63.00  0.00 23.31 
4  57.00  0.00 58.00  0.00 63.00  0.00 64.00  0.00 15.92 
4  57.00  0.00 58.00  0.00 64.00  0.00 65.00  0.00 16.58 
4  57.00  0.00 58.00  0.00 65.00  0.00 66.00  0.00 17.76 
4  57.00  0.00 58.00  0.00 66.00  0.00 67.00  0.00 23.47 
4  57.00  0.00 58.00  0.00 67.00  0.00 68.00  0.00 31.29 
4  58.00  0.00 59.00  0.00 60.00  0.00 61.00  0.00 139.80 
4  58.00  0.00 59.00  0.00 61.00  0.00 62.00  0.00 84.67 
4  58.00  0.00 59.00  0.00 62.00  0.00 63.00  0.00 41.68 
4  58.00  0.00 59.00  0.00 63.00  0.00 64.00  0.00 22.37 
4  58.00  0.00 59.00  0.00 64.00  0.00 65.00  0.00 18.27 
4  58.00  0.00 59.00  0.00 65.00  0.00 66.00  0.00 20.46 
4  58.00  0.00 59.00  0.00 66.00  0.00 67.00  0.00 20.78 
4  58.00  0.00 59.00  0.00 67.00  0.00 68.00  0.00 17.90 
4  58.00  0.00 59.00  0.00 68.00  0.00 69.00  0.00 14.97 
4  59.00  0.00 60.00  0.00 61.00  0.00 62.00  0.00 136.95 
4  59.00  0.00 60.00  0.00 62.00  0.00 63.00  0.00 79.87 
4  59.00  0.00 60.00  0.00 63.00  0.00 64.00  0.00 41.00 
4  59.00  0.00 60.00  0.00 64.00  0.00 65.00  0.00 28.02 
4  59.00  0.00 60.00  0.00 65.00  0.00 66.00  0.00 21.89 
4  59.00  0.00 60.00  0.00 66.00  0.00 67.00  0.00 23.04 
4  59.00  0.00 60.00  0.00 67.00  0.00 68.00  0.00 24.51 
4  59.00  0.00 60.00  0.00 68.00  0.00 69.00  0.00 35.51 
4  59.00  0.00 60.00  0.00 69.00  0.00 70.00  0.00 66.97 
4  60.00  0.00 61.00  0.00 62.00  0.00 63.00  0.00 127.82 
4  60.00  0.00 61.00  0.00 63.00  0.00 64.00  0.00 74.41 
4  60.00  0.00 61.00  0.00 64.00  0.00 65.00  0.00 42.96 
4  60.00  0.00 61.00  0.00 65.00  0.00 66.00  0.00 27.59 
4  60.00  0.00 61.00  0.00 66.00  0.00 67.00  0.00 27.39 
4  60.00  0.00 61.00  0.00 67.00  0.00 68.00  0.00 29.76 
4  60.00  0.00 61.00  0.00 68.00  0.00 69.00  0.00 31.05 
4  60.00  0.00 61.00  0.00 69.00  0.00 70.00  0.00 67.28 
4  60.00  0.00 61.00  0.00 70.00  0.00 71.00  0.00 47.25 
4  61.00  0.00 62.00  0.00 63.00  0.00 64.00  0.00 112.76 
4  61.00  0.00 62.00  0.00 64.00  0.00 65.00  0.00 74.81 
4  61.00  0.00 62.00  0.00 65.00  0.00 66.00  0.00 42.79 
4  61.00  0.00 62.00  0.00 66.00  0.00 67.00  0.00 30.25 
4  61.00  0.00 62.00  0.00 67.00  0.00 68.00  0.00 28.98 
4  61.00  0.00 62.00  0.00 68.00  0.00 69.00  0.00 26.29 
4  61.00  0.00 62.00  0.00 69.00  0.00 70.00  0.00 24.65 
4  61.00  0.00 62.00  0.00 70.00  0.00 71.00  0.00 28.19 
4  62.00  0.00 63.00  0.00 64.00  0.00 65.00  0.00 119.75 
4  62.00  0.00 63.00  0.00 65.00  0.00 66.00  0.00 79.34 
4  62.00  0.00 63.00  0.00 66.00  0.00 67.00  0.00 45.22 
4  62.00  0.00 63.00  0.00 67.00  0.00 68.00  0.00 34.55 
4  62.00  0.00 63.00  0.00 68.00  0.00 69.00  0.00 30.54 
4  62.00  0.00 63.00  0.00 69.00  0.00 70.00  0.00 37.22 
4  62.00  0.00 63.00  0.00 70.00  0.00 71.00  0.00 32.80 
4  63.00  0.00 64.00  0.00 65.00  0.00 66.00  0.00 112.45 
4  63.00  0.00 64.00  0.00 66.00  0.00 67.00  0.00 71.63 
4  63.00  0.00 64.00  0.00 67.00  0.00 68.00  0.00 47.38 
4  63.00  0.00 64.00  0.00 68.00  0.00 69.00  0.00 33.43 
4  63.00  0.00 64.00  0.00 69.00  0.00 70.00  0.00 27.14 
4  63.00  0.00 64.00  0.00 70.00  0.00 71.00  0.00 30.11 
4  64.00  0.00 65.00  0.00 66.00  0.00 67.00  0.00 108.06 
4  64.00  0.00 65.00  0.00 67.00  0.00 68.00  0.00 76.52 
4  64.00  0.00 65.00  0.00 68.00  0.00 69.00  0.00 44.33 
4  64.00  0.00 65.00  0.00 69.00  0.00 70.00  0.00 36.16 
4  64.00  0.00 65.00  0.00 70.00  0.00 71.00  0.00 29.11 
4  65.00  0.00 66.00  0.00 67.00  0.00 68.00  0.00 111.53 
4  65.00  0.00 66.00  0.00 68.00  0.00 69.00  0.00 67.75 
4  65.00  0.00 66.00  0.00 69.00  0.00 70.00  0.00 41.11 
4  65.00  0.00 66.00  0.00 70.00  0.00 71.00  0.00 37.90 
4  66.00  0.00 67.00  0.00 68.00  0.00 69.00  0.00 112.86 
4  66.00  0.00 67.00  0.00 69.00  0.00 70.00  0.00 65.60 
4  66.00  0.00 67.00  0.00 70.00  0.00 71.00  0.00 41.72 
4  67.00  0.00 68.00  0.00 69.00  0.00 70.00  0.00 116.70 
4  67.00  0.00 68.00  0.00 70.00  0.00 71.00  0.00 69.06 
4  68.00  0.00 69.00  0.00 70.00  0.00 71.00  0.00 119.69 
4  61.00  0.00 62.00  0.00 71.00  0.00 72.00  0.00 62.32 
4  62.00  0.00 63.00  0.00 71.00  0.00 72.00  0.00 39.87 
4  62.00  0.00 63.00  0.00 72.00  0.00 73.00  0.00 70.02 
4  63.00  0.00 64.00  0.00 71.00  0.00 72.00  0.00 50.71 
4  63.00  0.00 64.00  0.00 72.00  0.00 73.00  0.00 34.40 
4  63.00  0.00 64.00  0.00 73.00  0.00 74.00  0.00 42.46 
4  64.00  0.00 65.00  0.00 71.00  0.00 72.00  0.00 32.84 
4  64.00  0.00 65.00  0.00 72.00  0.00 73.00  0.00 36.44 
4  64.00  0.00 65.00  0.00 73.00  0.00 74.00  0.00 35.31 
4  64.00  0.00 65.00  0.00 74.00  0.00 75.00  0.00 48.01 
4  65.00  0.00 66.00  0.00 71.00  0.00 72.00  0.00 39.79 
4  65.00  0.00 66.00  0.00 72.00  0.00 73.00  0.00 36.56 
4  65.00  0.00 66.00  0.00 73.00  0.00 74.00  0.00 29.57 
4  65.00  0.00 66.00  0.00 74.00  0.00 75.00  0.00 44.43 
4  65.00  0.00 66.00  0.00 75.00  0.00 76.00  0.00 18.00 
4  66.00  0.00 67.00  0.00 71.00  0.00 72.00  0.00 40.76 
4  66.00  0.00 67.00  0.00 72.00  0.00 73.00  0.00 32.61 
4  66.00  0.00 67.00  0.00 73.00  0.00 74.00  0.00 30.91 
4  66.00  0.00 67.00  0.00 74.00  0.00 75.00  0.00 42.56 
4  66.00  0.00 67.00  0.00 75.00  0.00 76.00  0.00 26.51 
4  66.00  0.00 67.00  0.00 76.00  0.00 77.00  0.00 24.48 
4  67.00  0.00 68.00  0.00 71.00  0.00 72.00  0.00 48.48 
4  67.00  0.00 68.00  0.00 72.00  0.00 73.00  0.00 43.49 
4  67.00  0.00 68.00  0.00 73.00  0.00 74.00  0.00 36.41 
4  67.00  0.00 68.00  0.00 74.00  0.00 75.00  0.00 42.68 
4  67.00  0.00 68.00  0.00 75.00  0.00 76.00  0.00 32.77 
4  67.00  0.00 68.00  0.00 76.00  0.00 77.00  0.00 53.09 
4  67.00  0.00 68.00  0.00 77.00  0.00 78.00  0.00 52.93 
4  68.00  0.00 69.00  0.00 71.00  0.00 72.00  0.00 69.77 
4  68.00  0.00 69.00  0.00 72.00  0.00 73.00  0.00 50.05 
4  68.00  0.00 69.00  0.00 73.00  0.00 74.00  0.00 40.46 
4  68.00  0.00 69.00  0.00 74.00  0.00 75.00  0.00 47.39 
4  68.00  0.00 69.00  0.00 75.00  0.00 76.00  0.00 48.31 
4  68.00  0.00 69.00  0.00 76.00  0.00 77.00  0.00 44.65 
4  68.00  0.00 69.00  0.00 77.00  0.00 78.00  0.00 53.84 
4  68.00  0.00 69.00  0.00 78.00  0.00 79.00  0.00 45.51 
4  69.00  0.00 70.00  0.00 71.00  0.00 72.00  0.00 114.94 
4  69.00  0.00 70.00  0.00 72.00  0.00 73.00  0.00 62.22 
4  69.00  0.00 70.00  0.00 73.00  0.00 74.00  0.00 44.57 
4  69.00  0.00 70.00  0.00 74.00  0.00 75.00  0.00 53.59 
4  69.00  0.00 70.00  0.00 75.00  0.00 76.00  0.00 54.24 
4  69.00  0.00 70.00  0.00 76.00  0.00 77.00  0.00 53.11 
4  69.00  0.00 70.00  0.00 77.00  0.00 78.00  0.00 53.26 
4  69.00  0.00 70.00  0.00 78.00  0.00 79.00  0.00 49.37 
4  69.00  0.00 70.00  0.00 79.00  0.00 80.00  0.00 49.21 
4  70.00  0.00 71.00  0.00 72.00  0.00 73.00  0.00 103.18 
4  70.00  0.00 71.00  0.00 73.00  0.00 74.00  0.00 54.58 
4  70.00  0.00 71.00  0.00 74.00  0.00 75.00  0.00 52.86 
4  70.00  0.00 71.00  0.00 75.00  0.00 76.00  0.00 54.57 
4  70.00  0.00 71.00  0.00 76.00  0.00 77.00  0.00 49.47 
4  70.00  0.00 71.00  0.00 77.00  0.00 78.00  0.00 50.27 
4  70.00  0.00 71.00  0.00 78.00  0.00 79.00  0.00 45.61 
4  70.00  0.00 71.00  0.00 79.00  0.00 80.00  0.00 37.87 
4  70.00  0.00 71.00  0.00 80.00  0.00 81.00  0.00 47.76 
4  71.00  0.00 72.00  0.00 73.00  0.00 74.00  0.00 90.31 
4  71.00  0.00 72.00  0.00 74.00  0.00 75.00  0.00 65.35 
4  71.00  0.00 72.00  0.00 75.00  0.00 76.00  0.00 64.65 
4  71.00  0.00 72.00  0.00 76.00  0.00 77.00  0.00 57.39 
4  71.00  0.00 72.00  0.00 77.00  0.00 78.00  0.00 57.11 
4  71.00  0.00 72.00  0.00 78.00  0.00 79.00  0.00 60.98 
4  71.00  0.00 72.00  0.00 79.00  0.00 80.00  0.00 51.20 
4  71.00  0.00 72.00  0.00 80.00  0.00 81.00  0.00 61.66 
4  71.00  0.00 72.00  0.00 81.00  0.00 82.00  0.00 56.64 
4  72.00  0.00 73.00  0.00 74.00  0.00 75.00  0.00 93.76 
4  72.00  0.00 73.00  0.00 75.00  0.00 76.00  0.00 72.96 
4  72.00  0.00 73.00  0.00 76.00  0.00 77.00  0.00 60.03 
4  72.00  0.00 73.00  0.00 77.00  0.00 78.00  0.00 59.61 
4  72.00  0.00 73.00  0.00 78.00  0.00 79.00  0.00 56.39 
4  72.00  0.00 73.00  0.00 79.00  0.00 80.00  0.00 56.36 
4  72.00  0.00 73.00  0.00 80.00  0.00 81.00  0.00 59.67 
4  72.00  0.00 73.00  0.00 81.00  0.00 82.00  0.00 45.92 
4  72.00  0.00 73.00  0.00 82.00  0.00 83.00  0.00 61.64 
4  73.00  0.00 74.00  0.00 75.00  0.00 76.00  0.00 96.03 
4  73.00  0.00 74.00  0.00 76.00  0.00 77.00  0.00 66.51 
4  73.00  0.00 74.00  0.00 77.00  0.00 78.00  0.00 63.79 
4  73.00  0.00 74.00  0.00 78.00  0.00 79.00  0.00 61.25 
4  73.00  0.00 74.00  0.00 79.00  0.00 80.00  0.00 60.50 
4  73.00  0.00 74.00  0.00 80.00  0.00 81.00  0.00 63.84 
4  73.00  0.00 74.00  0.00 81.00  0.00 82.00  0.00 48.05 
4  73.00  0.00 74.00  0.00 82.00  0.00 83.00  0.00 58.92 
4  74.00  0.00 75.00  0.00 76.00  0.00 77.00  0.00 94.49 
4  74.00  0.00 75.00  0.00 77.00  0.00 78.00  0.00 81.38 
4  74.00  0.00 75.00  0.00 78.00  0.00 79.00  0.00 74.09 
4  74.00  0.00 75.00  0.00 79.00  0.00 80.00  0.00 69.15 
4  74.00  0.00 75.00  0.00 80.00  0.00 81.00  0.00 72.90 
4  74.00  0.00 75.00  0.00 81.00  0.00 82.00  0.00 66.82 
4  74.00  0.00 75.00  0.00 82.00  0.00 83.00  0.00 65.97 
4  75.00  0.00 76.00  0.00 77.00  0.00 78.00  0.00 124.70 
4  75.00  0.00 76.00  0.00 78.00  0.00 79.00  0.00 92.28 
4  75.00  0.00 76.00  0.00 79.00  0.00 80.00  0.00 81.97 
4  75.00  0.00 76.00  0.00 80.00  0.00 81.00  0.00 81.31 
4  75.00  0.00 76.00  0.00 81.00  0.00 82.00  0.00 75.68 
4  75.00  0.00 76.00  0.00 82.00  0.00 83.00  0.00 78.19 
4  76.00  0.00 77.00  0.00 78.00  0.00 79.00  0.00 125.64 
4  76.00  0.00 77.00  0.00 79.00  0.00 80.00  0.00 88.57 
4  76.00  0.00 77.00  0.00 80.00  0.00 81.00  0.00 83.55 
4  76.00  0.00 77.00  0.00 81.00  0.00 82.00  0.00 73.87 
4  76.00  0.00 77.00  0.00 82.00  0.00 83.00  0.00 76.23 
4  77.00  0.00 78.00  0.00 79.00  0.00 80.00  0.00 124.78 
4  77.00  0.00 78.00  0.00 80.00  0.00 81.00  0.00 96.20 
4  77.00  0.00 78.00  0.00 81.00  0.00 82.00  0.00 80.09 
4  77.00  0.00 78.00  0.00 82.00  0.00 83.00  0.00 79.18 
4  78.00  0.00 79.00  0.00 80.00  0.00 81.00  0.00 141.19 
4  78.00  0.00 79.00  0.00 81.00  0.00 82.00  0.00 93.43 
4  78.00  0.00 79.00  0.00 82.00  0.00 83.00  0.00 82.65 
4  79.00  0.00 80.00  0.00 81.00  0.00 82.00  0.00 124.75 
4  79.00  0.00 80.00  0.00 82.00  0.00 83.00  0.00 93.16 
4  80.00  0.00 81.00  0.00 82.00  0.00 83.00  0.00 135.28 
4  73.00  0.00 74.00  0.00 83.00  0.00 84.00  0.00 62.22 
4  74.00  0.00 75.00  0.00 83.00  0.00 84.00  0.00 73.06 
4  74.00  0.00 75.00  0.00 84.00  0.00 85.00  0.00 77.81 
4  75.00  0.00 76.00  0.00 83.00  0.00 84.00  0.00 80.11 
4  75.00  0.00 76.00  0.00 84.00  0.00 85.00  0.00 71.35 
4  75.00  0.00 76.00  0.00 85.00  0.00 86.00  0.00 75.76 
4  76.00  0.00 77.00  0.00 83.00  0.00 84.00  0.00 74.29 
4  76.00  0.00 77.00  0.00 84.00  0.00 85.00  0.00 68.12 
4  76.00  0.00 77.00  0.00 85.00  0.00 86.00  0.00 86.85 
4  76.00  0.00 77.00  0.00 86.00  0.00 87.00  0.00 87.62 
4  77.00  0.00 78.00  0.00 83.00  0.00 84.00  0.00 79.51 
4  77.00  0.00 78.00  0.00 84.00  0.00 85.00  0.00 69.46 
4  77.00  0.00 78.00  0.00 85.00  0.00 86.00  0.00 71.89 
4  77.00  0.00 78.00  0.00 86.00  0.00 87.00  0.00 49.76 
4  77.00  0.00 78.00  0.00 87.00  0.00 88.00  0.00 83.46 
4  78.00  0.00 79.00  0.00 83.00  0.00 84.00  0.00 82.91 
4  78.00  0.00 79.00  0.00 84.00  0.00 85.00  0.00 77.39 
4  78.00  0.00 79.00  0.00 85.00  0.00 86.00  0.00 76.80 
4  78.00  0.00 79.00  0.00 86.00  0.00 87.00  0.00 69.34 
4  78.00  0.00 79.00  0.00 87.00  0.00 88.00  0.00 91.78 
4  78.00  0.00 79.00  0.00 88.00  0.00 89.00  0.00 106.48 
4  79.00  0.00 80.00  0.00 83.00  0.00 84.00  0.00 83.09 
4  79.00  0.00 80.00  0.00 84.00  0.00 85.00  0.00 70.10 
4  79.00  0.00 80.00  0.00 85.00  0.00 86.00  0.00 77.86 
4  79.00  0.00 80.00  0.00 86.00  0.00 87.00  0.00 75.95 
4  79.00  0.00 80.00  0.00 87.00  0.00 88.00  0.00 98.67 
4  79.00  0.00 80.00  0.00 88.00  0.00 89.00  0.00 83.90 
4  79.00  0.00 80.00  0.00 89.00  0.00 90.00  0.00 76.05 
4  80.00  0.00 81.00  0.00 83.00  0.00 84.00  0.00 96.03 
4  80.00  0.00 81.00  0.00 84.00  0.00 85.00  0.00 77.34 
4  80.00  0.00 81.00  0.00 85.00  0.00 86.00  0.00 76.33 
4  80.00  0.00 81.00  0.00 86.00  0.00 87.00  0.00 76.99 
4  80.00  0.00 81.00  0.00 87.00  0.00 88.00  0.00 98.57 
4  80.00  0.00 81.00  0.00 88.00  0.00 89.00  0.00 90.92 
4  80.00  0.00 81.00  0.00 89.00  0.00 90.00  0.00 76.49 
4  80.00  0.00 81.00  0.00 90.00  0.00 91.00  0.00 62.81 
4  81.00  0.00 82.00  0.00 83.00  0.00 84.00  0.00 131.48 
4  81.00  0.00 82.00  0.00 84.00  0.00 85.00  0.00 77.27 
4  81.00  0.00 82.00  0.00 85.00  0.00 86.00  0.00 74.27 
4  81.00  0.00 82.00  0.00 86.00  0.00 87.00  0.00 74.56 
4  81.00  0.00 82.00  0.00 87.00  0.00 88.00  0.00 76.97 
4  81.00  0.00 82.00  0.00 88.00  0.00 89.00  0.00 89.75 
4  81.00  0.00 82.00  0.00 89.00  0.00 90.00  0.00 93.09 
4  81.00  0.00 82.00  0.00 90.00  0.00 91.00  0.00 105.11 
4  81.00  0.00 82.00  0.00 91.00  0.00 92.00  0.00 104.04 
4  82.00  0.00 83.00  0.00 84.00  0.00 85.00  0.00 109.83 
4  82.00  0.00 83.00  0.00 85.00  0.00 86.00  0.00 75.17 
4  82.00  0.00 83.00  0.00 86.00  0.00 87.00  0.00 73.34 
4  82.00  0.00 83.00  0.00 87.00  0.00 88.00  0.00 85.86 
4  82.00  0.00 83.00  0.00 88.00  0.00 89.00  0.00 95.25 
4  82.00  0.00 83.00  0.00 89.00  0.00 90.00  0.00 81.99 
4  82.00  0.00 83.00  0.00 90.00  0.00 91.00  0.00 83.16 
4  82.00  0.00 83.00  0.00 91.00  0.00 92.00  0.00 147.58 
4  82.00  0.00 83.00  0.00 92.00  0.00 93.00  0.00 105.66 
4  83.00  0.00 84.00  0.00 85.00  0.00 86.00  0.00 85.40 
4  83.00  0.00 84.00  0.00 86.00  0.00 87.00  0.00 67.85 
4  83.00  0.00 84.00  0.00 87.00  0.00 88.00  0.00 80.30 
4  83.00  0.00 84.00  0.00 88.00  0.00 89.00  0.00 86.91 
4  83.00  0.00 84.00  0.00 89.00  0.00 90.00  0.00 89.90 
4  83.00  0.00 84.00  0.00 90.00  0.00 91.00  0.00 84.23 
4  83.00  0.00 84.00  0.00 91.00  0.00 92.00  0.00 94.62 
4  83.00  0.00 84.00  0.00 92.00  0.00 93.00  0.00 97.28 
4  83.00  0.00 84.00  0.00 93.00  0.00 94.00  0.00 84.16 
4  84.00  0.00 85.00  0.00 86.00  0.00 87.00  0.00 81.74 
4  84.00  0.00 85.00  0.00 87.00  0.00 88.00  0.00 71.66 
4  84.00  0.00 85.00  0.00 88.00  0.00 89.00  0.00 77.80 
4  84.00  0.00 85.00  0.00 89.00  0.00 90.00  0.00 80.89 
4  84.00  0.00 85.00  0.00 90.00  0.00 91.00  0.00 83.93 
4  84.00  0.00 85.00  0.00 91.00  0.00 92.00  0.00 91.67 
4  84.00  0.00 85.00  0.00 92.00  0.00 93.00  0.00 84.08 
4  84.00  0.00 85.00  0.00 93.00  0.00 94.00  0.00 79.55 
4  84.00  0.00 85.00  0.00 94.00  0.00 95.00  0.00 78.42 
4  85.00  0.00 86.00  0.00 87.00  0.00 88.00  0.00 107.86 
4  85.00  0.00 86.00  0.00 88.00  0.00 89.00  0.00 77.98 
4  85.00  0.00 86.00  0.00 89.00  0.00 90.00  0.00 79.80 
4  85.00  0.00 86.00  0.00 90.00  0.00 91.00  0.00 83.09 
4  85.00  0.00 86.00  0.00 91.00  0.00 92.00  0.00 92.86 
4  85.00  0.00 86.00  0.00 92.00  0.00 93.00  0.00 93.95 
4  85.00  0.00 86.00  0.00 93.00  0.00 94.00  0.00 91.00 
4  85.00  0.00 86.00  0.00 94.00  0.00 95.00  0.00 85.21 
4  86.00  0.00 87.00  0.00 88.00  0.00 89.00  0.00 107.46 
4  86.00  0.00 87.00  0.00 89.00  0.00 90.00  0.00 78.30 
4  86.00  0.00 87.00  0.00 90.00  0.00 91.00  0.00 79.11 
4  86.00  0.00 87.00  0.00 91.00  0.00 92.00  0.00 85.04 
4  86.00  0.00 87.00  0.00 92.00  0.00 93.00  0.00 92.45 
4  86.00  0.00 87.00  0.00 93.00  0.00 94.00  0.00 86.33 
4  86.00  0.00 87.00  0.00 94.00  0.00 95.00  0.00 61.99 
4  87.00  0.00 88.00  0.00 89.00  0.00 90.00  0.00 115.96 
4  87.00  0.00 88.00  0.00 90.00  0.00 91.00  0.00 89.23 
4  87.00  0.00 88.00  0.00 91.00  0.00 92.00  0.00 93.43 
4  87.00  0.00 88.00  0.00 92.00  0.00 93.00  0.00 95.56 
4  87.00  0.00 88.00  0.00 93.00  0.00 94.00  0.00 98.57 
4  87.00  0.00 88.00  0.00 94.00  0.00 95.00  0.00 71.00 
4  88.00  0.00 89.00  0.00 90.00  0.00 91.00  0.00 125.08 
4  88.00  0.00 89.00  0.00 91.00  0.00 92.00  0.00 103.51 
4  88.00  0.00 89.00  0.00 92.00  0.00 93.00  0.00 100.57 
4  88.00  0.00 89.00  0.00 93.00  0.00 94.00  0.00 98.24 
4  88.00  0.00 89.00  0.00 94.00  0.00 95.00  0.00 84.06 
4  89.00  0.00 90.00  0.00 91.00  0.00 92.00  0.00 135.65 
4  89.00  0.00 90.00  0.00 92.00  0.00 93.00  0.00 107.81 
4  89.00  0.00 90.00  0.00 93.00  0.00 94.00  0.00 101.58 
4  89.00  0.00 90.00  0.00 94.00  0.00 95.00  0.00 87.07 
4  90.00  0.00 91.00  0.00 92.00  0.00 93.00  0.00 121.39 
4  90.00  0.00 91.00  0.00 93.00  0.00 94.00  0.00 106.24 
4  90.00  0.00 91.00  0.00 94.00  0.00 95.00  0.00 92.28 
4  91.00  0.00 92.00  0.00 93.00  0.00 94.00  0.00 123.73 
4  91.00  0.00 92.00  0.00 94.00  0.00 95.00  0.00 104.45 
4  92.00  0.00 93.00  0.00 94.00  0.00 95.00  0.00 114.10 
4  85.00  0.00 86.00  0.00 95.00  0.00 96.00  0.00 81.83 
4  86.00  0.00 87.00  0.00 95.00  0.00 96.00  0.00 74.58 
4  86.00  0.00 87.00  0.00 96.00  0.00 97.00  0.00 70.58 
4  87.00  0.00 88.00  0.00 95.00  0.00 96.00  0.00 76.04 
4  87.00  0.00 88.00  0.00 96.00  0.00 97.00  0.00 86.60 
4  87.00  0.00 88.00  0.00 97.00  0.00 98.00  0.00 112.78 
4  88.00  0.00 89.00  0.00 95.00  0.00 96.00  0.00 80.26 
4  88.00  0.00 89.00  0.00 96.00  0.00 97.00  0.00 86.91 
4  88.00  0.00 89.00  0.00 97.00  0.00 98.00  0.00 94.79 
4  88.00  0.00 89.00  0.00 98.00  0.00 99.00  0.00 80.82 
4  89.00  0.00 90.00  0.00 95.00  0.00 96.00  0.00 84.91 
4  89.00  0.00 90.00  0.00 96.00  0.00 97.00  0.00 86.78 
4  89.00  0.00 90.00  0.00 97.00  0.00 98.00  0.00 76.94 
4  89.00  0.00 90.00  0.00 98.00  0.00 99.00  0.00 81.71 
4  89.00  0.00 90.00  0.00 99.00  0.00 100.00  0.00 74.58 
4  90.00  0.00 91.00  0.00 95.00  0.00 96.00  0.00 89.01 
4  90.00  0.00 91.00  0.00 96.00  0.00 97.00  0.00 77.10 
4  90.00  0.00 91.00  0.00 97.00  0.00 98.00  0.00 79.18 
4  90.00  0.00 91.00  0.00 98.00  0.00 99.00  0.00 80.66 
4  90.00  0.00 91.00  0.00 99.00  0.00 100.00  0.00 81.33 
4  90.00  0.00 91.00  0.00 100.00  0.00 101.00  0.00 85.49 
4  91.00  0.00 92.00  0.00 95.00  0.00 96.00  0.00 97.49 
4  91.00  0.00 92.00  0.00 96.00  0.00 97.00  0.00 91.70 
4  91.00  0.00 92.00  0.00 97.00  0.00 98.00  0.00 96.46 
4  91.00  0.00 92.00  0.00 98.00  0.00 99.00  0.00 91.19 
4  91.00  0.00 92.00  0.00 99.00  0.00 100.00  0.00 89.45 
4  91.00  0.00 92.00  0.00 100.00  0.00 101.00  0.00 104.56 
4  91.00  0.00 92.00  0.00 101.00  0.00 102.00  0.00 128.64 
4  92.00  0.00 93.00  0.00 95.00  0.00 96.00  0.00 104.07 
4  92.00  0.00 93.00  0.00 96.00  0.00 97.00  0.00 97.99 
4  92.00  0.00 93.00  0.00 97.00  0.00 98.00  0.00 96.93 
4  92.00  0.00 93.00  0.00 98.00  0.00 99.00  0.00 91.65 
4  92.00  0.00 93.00  0.00 99.00  0.00 100.00  0.00 94.74 
4  92.00  0.00 93.00  0.00 100.00  0.00 101.00  0.00 95.38 
4  92.00  0.00 93.00  0.00 101.00  0.00 102.00  0.00 104.52 
4  92.00  0.00 93.00  0.00 102.00  0.00 103.00  0.00 73.70 
4  93.00  0.00 94.00  0.00 95.00  0.00 96.00  0.00 108.94 
4  93.00  0.00 94.00  0.00 96.00  0.00 97.00  0.00 98.05 
4  93.00  0.00 94.00  0.00 97.00  0.00 98.00  0.00 100.80 
4  93.00  0.00 94.00  0.00 98.00  0.00 99.00  0.00 95.78 
4  93.00  0.00 94.00  0.00 99.00  0.00 100.00  0.00 95.95 
4  93.00  0.00 94.00  0.00 100.00  0.00 101.00  0.00 96.91 
4  93.00  0.00 94.00  0.00 101.00  0.00 102.00  0.00 101.95 
4  93.00  0.00 94.00  0.00 102.00  0.00 103.00  0.00 102.08 
4  93.00  0.00 94.00  0.00 103.00  0.00 104.00  0.00 84.83 
4  94.00  0.00 95.00  0.00 96.00  0.00 97.00  0.00 91.13 
4  94.00  0.00 95.00  0.00 97.00  0.00 98.00  0.00 91.20 
4  94.00  0.00 95.00  0.00 98.00  0.00 99.00  0.00 90.44 
4  94.00  0.00 95.00  0.00 99.00  0.00 100.00  0.00 91.90 
4  94.00  0.00 95.00  0.00 100.00  0.00 101.00  0.00 99.89 
4  94.00  0.00 95.00  0.00 101.00  0.00 102.00  0.00 101.46 
4  94.00  0.00 95.00  0.00 102.00  0.00 103.00  0.00 94.92 
4  94.00  0.00 95.00  0.00 103.00  0.00 104.00  0.00 65.07 
4  94.00  0.00 95.00  0.00 104.00  0.00 105.00  0.00 59.86 
4  95.00  0.00 96.00  0.00 97.00  0.00 98.00  0.00 89.27 
4  95.00  0.00 96.00  0.00 98.00  0.00 99.00  0.00 91.48 
4  95.00  0.00 96.00  0.00 99.00  0.00 100.00  0.00 93.77 
4  95.00  0.00 96.00  0.00 100.00  0.00 101.00  0.00 98.36 
4  95.00  0.00 96.00  0.00 101.00  0.00 102.00  0.00 106.11 
4  95.00  0.00 96.00  0.00 102.00  0.00 103.00  0.00 91.23 
4  95.00  0.00 96.00  0.00 103.00  0.00 104.00  0.00 72.12 
4  95.00  0.00 96.00  0.00 104.00  0.00 105.00  0.00 77.55 
4  95.00  0.00 96.00  0.00 105.00  0.00 106.00  0.00 72.22 
4  96.00  0.00 97.00  0.00 98.00  0.00 99.00  0.00 86.81 
4  96.00  0.00 97.00  0.00 99.00  0.00 100.00  0.00 99.37 
4  96.00  0.00 97.00  0.00 100.00  0.00 101.00  0.00 104.33 
4  96.00  0.00 97.00  0.00 101.00  0.00 102.00  0.00 109.76 
4  96.00  0.00 97.00  0.00 102.00  0.00 103.00  0.00 91.53 
4  96.00  0.00 97.00  0.00 103.00  0.00 104.00  0.00 81.10 
4  96.00  0.00 97.00  0.00 104.00  0.00 105.00  0.00 60.66 
4  96.00  0.00 97.00  0.00 105.00  0.00 106.00  0.00 72.60 
4  96.00  0.00 97.00  0.00 106.00  0.00 107.00  0.00 80.99 
4  97.00  0.00 98.00  0.00 99.00  0.00 100.00  0.00 109.41 
4  97.00  0.00 98.00  0.00 100.00  0.00 101.00  0.00 119.30 
4  97.00  0.00 98.00  0.00 101.00  0.00 102.00  0.00 126.71 
4  97.00  0.00 98.00  0.00 102.00  0.00 103.00  0.00 103.14 
4  97.00  0.00 98.00  0.00 103.00  0.00 104.00  0.00 91.26 
4  97.00  0.00 98.00  0.00 104.00  0.00 105.00  0.00 77.82 
4  97.00  0.00 98.00  0.00 105.00  0.00 106.00  0.00 80.72 
4  97.00  0.00 98.00  0.00 106.00  0.00 107.00  0.00 93.78 
4  98.00  0.00 99.00  0.00 100.00  0.00 101.00  0.00 113.84 
4  98.00  0.00 99.00  0.00 101.00  0.00 102.00  0.00 121.58 
4  98.00  0.00 99.00  0.00 102.00  0.00 103.00  0.00 100.89 
4  98.00  0.00 99.00  0.00 103.00  0.00 104.00  0.00 91.69 
4  98.00  0.00 99.00  0.00 104.00  0.00 105.00  0.00 75.09 
4  98.00  0.00 99.00  0.00 105.00  0.00 106.00  0.00 81.30 
4  98.00  0.00 99.00  0.00 106.00  0.00 107.00  0.00 89.21 
4  99.00  0.00 100.00  0.00 101.00  0.00 102.00  0.00 129.36 
4  99.00  0.00 100.00  0.00 102.00  0.00 103.00  0.00 109.77 
4  99.00  0.00 100.00  0.00 103.00  0.00 104.00  0.00 96.03 
4  99.00  0.00 100.00  0.00 104.00  0.00 105.00  0.00 80.45 
4  99.00  0.00 100.00  0.00 105.00  0.00 106.00  0.00 84.91 
4  99.00  0.00 100.00  0.00 106.00  0.00 107.00  0.00 84.43 
4  100.00  0.00 101.00  0.00 102.00  0.00 103.00  0.00 121.45 
4  100.00  0.00 101.00  0.00 103.00  0.00 104.00  0.00 110.96 
4  100.00  0.00 101.00  0.00 104.00  0.00 105.00  0.00 93.46 
4  100.00  0.00 101.00  0.00 105.00  0.00 106.00  0.00 91.67 
4  100.00  0.00 101.00  0.00 106.00  0.00 107.00  0.00 93.59 
4  101.00  0.00 102.00  0.00 103.00  0.00 104.00  0.00 137.92 
4  101.00  0.00 102.00  0.00 104.00  0.00 105.00  0.00 115.94 
4  101.00  0.00 102.00  0.00 105.00  0.00 106.00  0.00 110.06 
4  101.00  0.00 102.00  0.00 106.00  0.00 107.00  0.00 106.30 
4  102.00  0.00 103.00  0.00 104.00  0.00 105.00  0.00 115.03 
4  102.00  0.00 103.00  0.00 105.00  0.00 106.00  0.00 112.86 
4  102.00  0.00 103.00  0.00 106.00  0.00 107.00  0.00 107.12 
4  103.00  0.00 104.00  0.00 105.00  0.00 106.00  0.00 118.49 
4  103.00  0.00 104.00  0.00 106.00  0.00 107.00  0.00 119.08 
4  104.00  0.00 105.00  0.00 106.00  0.00 107.00  0.00 113.37 
0
0
0
0
