mcline1.bin
         1.00
11
3
Type of measurement (0=app. resistivity,1=resistance)
0
801
 2
0
4  0.00  0.00 1.00  0.00 2.00  0.00 3.00  0.00 124.53 
4  0.00  0.00 1.00  0.00 3.00  0.00 4.00  0.00 75.47 
4  0.00  0.00 1.00  0.00 4.00  0.00 5.00  0.00 62.76 
4  0.00  0.00 1.00  0.00 5.00  0.00 6.00  0.00 51.52 
4  0.00  0.00 1.00  0.00 6.00  0.00 7.00  0.00 44.25 
4  0.00  0.00 1.00  0.00 7.00  0.00 8.00  0.00 57.98 
4  0.00  0.00 1.00  0.00 8.00  0.00 9.00  0.00 59.59 
4  0.00  0.00 1.00  0.00 9.00  0.00 10.00  0.00 64.94 
4  0.00  0.00 1.00  0.00 10.00  0.00 11.00  0.00 59.28 
4  1.00  0.00 2.00  0.00 3.00  0.00 4.00  0.00 120.34 
4  1.00  0.00 2.00  0.00 4.00  0.00 5.00  0.00 74.32 
4  1.00  0.00 2.00  0.00 5.00  0.00 6.00  0.00 57.41 
4  1.00  0.00 2.00  0.00 6.00  0.00 7.00  0.00 36.19 
4  1.00  0.00 2.00  0.00 7.00  0.00 8.00  0.00 36.15 
4  1.00  0.00 2.00  0.00 8.00  0.00 9.00  0.00 57.67 
4  1.00  0.00 2.00  0.00 9.00  0.00 10.00  0.00 45.02 
4  1.00  0.00 2.00  0.00 10.00  0.00 11.00  0.00 41.75 
4  1.00  0.00 2.00  0.00 11.00  0.00 12.00  0.00 65.76 
4  2.00  0.00 3.00  0.00 4.00  0.00 5.00  0.00 117.00 
4  2.00  0.00 3.00  0.00 5.00  0.00 6.00  0.00 75.20 
4  2.00  0.00 3.00  0.00 6.00  0.00 7.00  0.00 46.93 
4  2.00  0.00 3.00  0.00 7.00  0.00 8.00  0.00 55.14 
4  2.00  0.00 3.00  0.00 8.00  0.00 9.00  0.00 40.37 
4  2.00  0.00 3.00  0.00 9.00  0.00 10.00  0.00 60.17 
4  2.00  0.00 3.00  0.00 10.00  0.00 11.00  0.00 44.36 
4  2.00  0.00 3.00  0.00 11.00  0.00 12.00  0.00 117.49 
4  2.00  0.00 3.00  0.00 12.00  0.00 13.00  0.00 68.44 
4  3.00  0.00 4.00  0.00 5.00  0.00 6.00  0.00 123.85 
4  3.00  0.00 4.00  0.00 6.00  0.00 7.00  0.00 61.23 
4  3.00  0.00 4.00  0.00 7.00  0.00 8.00  0.00 56.53 
4  3.00  0.00 4.00  0.00 8.00  0.00 9.00  0.00 49.53 
4  3.00  0.00 4.00  0.00 9.00  0.00 10.00  0.00 55.28 
4  3.00  0.00 4.00  0.00 10.00  0.00 11.00  0.00 52.10 
4  3.00  0.00 4.00  0.00 11.00  0.00 12.00  0.00 63.85 
4  3.00  0.00 4.00  0.00 12.00  0.00 13.00  0.00 58.64 
4  3.00  0.00 4.00  0.00 13.00  0.00 14.00  0.00 41.01 
4  4.00  0.00 5.00  0.00 6.00  0.00 7.00  0.00 153.20 
4  4.00  0.00 5.00  0.00 7.00  0.00 8.00  0.00 86.64 
4  4.00  0.00 5.00  0.00 8.00  0.00 9.00  0.00 56.09 
4  4.00  0.00 5.00  0.00 9.00  0.00 10.00  0.00 54.59 
4  4.00  0.00 5.00  0.00 10.00  0.00 11.00  0.00 50.10 
4  4.00  0.00 5.00  0.00 11.00  0.00 12.00  0.00 55.21 
4  4.00  0.00 5.00  0.00 12.00  0.00 13.00  0.00 56.12 
4  4.00  0.00 5.00  0.00 13.00  0.00 14.00  0.00 55.03 
4  4.00  0.00 5.00  0.00 14.00  0.00 15.00  0.00 60.11 
4  5.00  0.00 6.00  0.00 7.00  0.00 8.00  0.00 202.77 
4  5.00  0.00 6.00  0.00 8.00  0.00 9.00  0.00 85.28 
4  5.00  0.00 6.00  0.00 9.00  0.00 10.00  0.00 60.18 
4  5.00  0.00 6.00  0.00 10.00  0.00 11.00  0.00 53.86 
4  5.00  0.00 6.00  0.00 11.00  0.00 12.00  0.00 55.14 
4  5.00  0.00 6.00  0.00 12.00  0.00 13.00  0.00 53.20 
4  5.00  0.00 6.00  0.00 13.00  0.00 14.00  0.00 56.79 
4  5.00  0.00 6.00  0.00 14.00  0.00 15.00  0.00 60.44 
4  5.00  0.00 6.00  0.00 15.00  0.00 16.00  0.00 57.83 
4  6.00  0.00 7.00  0.00 8.00  0.00 9.00  0.00 134.33 
4  6.00  0.00 7.00  0.00 9.00  0.00 10.00  0.00 74.95 
4  6.00  0.00 7.00  0.00 10.00  0.00 11.00  0.00 50.68 
4  6.00  0.00 7.00  0.00 11.00  0.00 12.00  0.00 42.72 
4  6.00  0.00 7.00  0.00 12.00  0.00 13.00  0.00 37.68 
4  6.00  0.00 7.00  0.00 13.00  0.00 14.00  0.00 42.82 
4  6.00  0.00 7.00  0.00 14.00  0.00 15.00  0.00 47.85 
4  6.00  0.00 7.00  0.00 15.00  0.00 16.00  0.00 65.18 
4  6.00  0.00 7.00  0.00 16.00  0.00 17.00  0.00 43.68 
4  7.00  0.00 8.00  0.00 9.00  0.00 10.00  0.00 141.33 
4  7.00  0.00 8.00  0.00 10.00  0.00 11.00  0.00 73.28 
4  7.00  0.00 8.00  0.00 11.00  0.00 12.00  0.00 50.89 
4  7.00  0.00 8.00  0.00 12.00  0.00 13.00  0.00 48.56 
4  7.00  0.00 8.00  0.00 13.00  0.00 14.00  0.00 49.29 
4  7.00  0.00 8.00  0.00 14.00  0.00 15.00  0.00 52.81 
4  7.00  0.00 8.00  0.00 15.00  0.00 16.00  0.00 57.47 
4  7.00  0.00 8.00  0.00 16.00  0.00 17.00  0.00 64.47 
4  7.00  0.00 8.00  0.00 17.00  0.00 18.00  0.00 73.61 
4  8.00  0.00 9.00  0.00 10.00  0.00 11.00  0.00 115.20 
4  8.00  0.00 9.00  0.00 11.00  0.00 12.00  0.00 61.49 
4  8.00  0.00 9.00  0.00 12.00  0.00 13.00  0.00 47.09 
4  8.00  0.00 9.00  0.00 13.00  0.00 14.00  0.00 43.68 
4  8.00  0.00 9.00  0.00 14.00  0.00 15.00  0.00 45.33 
4  8.00  0.00 9.00  0.00 15.00  0.00 16.00  0.00 50.37 
4  8.00  0.00 9.00  0.00 16.00  0.00 17.00  0.00 49.13 
4  8.00  0.00 9.00  0.00 17.00  0.00 18.00  0.00 55.85 
4  8.00  0.00 9.00  0.00 18.00  0.00 19.00  0.00 68.37 
4  9.00  0.00 10.00  0.00 11.00  0.00 12.00  0.00 105.11 
4  9.00  0.00 10.00  0.00 12.00  0.00 13.00  0.00 60.29 
4  9.00  0.00 10.00  0.00 13.00  0.00 14.00  0.00 53.79 
4  9.00  0.00 10.00  0.00 14.00  0.00 15.00  0.00 52.65 
4  9.00  0.00 10.00  0.00 15.00  0.00 16.00  0.00 55.74 
4  9.00  0.00 10.00  0.00 16.00  0.00 17.00  0.00 56.42 
4  9.00  0.00 10.00  0.00 17.00  0.00 18.00  0.00 65.78 
4  9.00  0.00 10.00  0.00 18.00  0.00 19.00  0.00 70.19 
4  9.00  0.00 10.00  0.00 19.00  0.00 20.00  0.00 52.30 
4  10.00  0.00 11.00  0.00 12.00  0.00 13.00  0.00 81.32 
4  10.00  0.00 11.00  0.00 13.00  0.00 14.00  0.00 58.94 
4  10.00  0.00 11.00  0.00 14.00  0.00 15.00  0.00 50.63 
4  10.00  0.00 11.00  0.00 15.00  0.00 16.00  0.00 50.60 
4  10.00  0.00 11.00  0.00 16.00  0.00 17.00  0.00 54.10 
4  10.00  0.00 11.00  0.00 17.00  0.00 18.00  0.00 59.12 
4  10.00  0.00 11.00  0.00 18.00  0.00 19.00  0.00 63.19 
4  10.00  0.00 11.00  0.00 19.00  0.00 20.00  0.00 51.76 
4  10.00  0.00 11.00  0.00 20.00  0.00 21.00  0.00 55.91 
4  11.00  0.00 12.00  0.00 13.00  0.00 14.00  0.00 79.56 
4  11.00  0.00 12.00  0.00 14.00  0.00 15.00  0.00 54.58 
4  11.00  0.00 12.00  0.00 15.00  0.00 16.00  0.00 48.16 
4  11.00  0.00 12.00  0.00 16.00  0.00 17.00  0.00 53.02 
4  11.00  0.00 12.00  0.00 17.00  0.00 18.00  0.00 56.04 
4  11.00  0.00 12.00  0.00 18.00  0.00 19.00  0.00 58.21 
4  11.00  0.00 12.00  0.00 19.00  0.00 20.00  0.00 59.52 
4  11.00  0.00 12.00  0.00 20.00  0.00 21.00  0.00 58.79 
4  11.00  0.00 12.00  0.00 21.00  0.00 22.00  0.00 51.44 
4  12.00  0.00 13.00  0.00 14.00  0.00 15.00  0.00 74.09 
4  12.00  0.00 13.00  0.00 15.00  0.00 16.00  0.00 55.73 
4  12.00  0.00 13.00  0.00 16.00  0.00 17.00  0.00 49.26 
4  12.00  0.00 13.00  0.00 17.00  0.00 18.00  0.00 50.52 
4  12.00  0.00 13.00  0.00 18.00  0.00 19.00  0.00 57.31 
4  12.00  0.00 13.00  0.00 19.00  0.00 20.00  0.00 54.37 
4  12.00  0.00 13.00  0.00 20.00  0.00 21.00  0.00 45.35 
4  12.00  0.00 13.00  0.00 21.00  0.00 22.00  0.00 55.25 
4  12.00  0.00 13.00  0.00 22.00  0.00 23.00  0.00 49.53 
4  13.00  0.00 14.00  0.00 15.00  0.00 16.00  0.00 80.13 
4  13.00  0.00 14.00  0.00 16.00  0.00 17.00  0.00 55.21 
4  13.00  0.00 14.00  0.00 17.00  0.00 18.00  0.00 50.07 
4  13.00  0.00 14.00  0.00 18.00  0.00 19.00  0.00 54.35 
4  13.00  0.00 14.00  0.00 19.00  0.00 20.00  0.00 53.07 
4  13.00  0.00 14.00  0.00 20.00  0.00 21.00  0.00 53.11 
4  13.00  0.00 14.00  0.00 21.00  0.00 22.00  0.00 49.03 
4  13.00  0.00 14.00  0.00 22.00  0.00 23.00  0.00 40.71 
4  14.00  0.00 15.00  0.00 16.00  0.00 17.00  0.00 81.75 
4  14.00  0.00 15.00  0.00 17.00  0.00 18.00  0.00 53.54 
4  14.00  0.00 15.00  0.00 18.00  0.00 19.00  0.00 50.14 
4  14.00  0.00 15.00  0.00 19.00  0.00 20.00  0.00 51.57 
4  14.00  0.00 15.00  0.00 20.00  0.00 21.00  0.00 48.29 
4  14.00  0.00 15.00  0.00 21.00  0.00 22.00  0.00 48.21 
4  14.00  0.00 15.00  0.00 22.00  0.00 23.00  0.00 46.03 
4  15.00  0.00 16.00  0.00 17.00  0.00 18.00  0.00 76.74 
4  15.00  0.00 16.00  0.00 18.00  0.00 19.00  0.00 54.81 
4  15.00  0.00 16.00  0.00 19.00  0.00 20.00  0.00 51.46 
4  15.00  0.00 16.00  0.00 20.00  0.00 21.00  0.00 49.29 
4  15.00  0.00 16.00  0.00 21.00  0.00 22.00  0.00 41.67 
4  15.00  0.00 16.00  0.00 22.00  0.00 23.00  0.00 50.54 
4  16.00  0.00 17.00  0.00 18.00  0.00 19.00  0.00 85.24 
4  16.00  0.00 17.00  0.00 19.00  0.00 20.00  0.00 59.55 
4  16.00  0.00 17.00  0.00 20.00  0.00 21.00  0.00 51.38 
4  16.00  0.00 17.00  0.00 21.00  0.00 22.00  0.00 41.94 
4  16.00  0.00 17.00  0.00 22.00  0.00 23.00  0.00 42.99 
4  17.00  0.00 18.00  0.00 19.00  0.00 20.00  0.00 82.60 
4  17.00  0.00 18.00  0.00 20.00  0.00 21.00  0.00 58.13 
4  17.00  0.00 18.00  0.00 21.00  0.00 22.00  0.00 43.38 
4  17.00  0.00 18.00  0.00 22.00  0.00 23.00  0.00 45.17 
4  18.00  0.00 19.00  0.00 20.00  0.00 21.00  0.00 81.34 
4  18.00  0.00 19.00  0.00 21.00  0.00 22.00  0.00 49.62 
4  18.00  0.00 19.00  0.00 22.00  0.00 23.00  0.00 44.61 
4  19.00  0.00 20.00  0.00 21.00  0.00 22.00  0.00 67.42 
4  19.00  0.00 20.00  0.00 22.00  0.00 23.00  0.00 45.94 
4  20.00  0.00 21.00  0.00 22.00  0.00 23.00  0.00 70.51 
4  13.00  0.00 14.00  0.00 23.00  0.00 24.00  0.00 27.88 
4  14.00  0.00 15.00  0.00 23.00  0.00 24.00  0.00 42.41 
4  14.00  0.00 15.00  0.00 24.00  0.00 25.00  0.00 28.80 
4  15.00  0.00 16.00  0.00 23.00  0.00 24.00  0.00 44.73 
4  15.00  0.00 16.00  0.00 24.00  0.00 25.00  0.00 37.10 
4  15.00  0.00 16.00  0.00 25.00  0.00 26.00  0.00 36.05 
4  16.00  0.00 17.00  0.00 23.00  0.00 24.00  0.00 41.76 
4  16.00  0.00 17.00  0.00 24.00  0.00 25.00  0.00 42.59 
4  16.00  0.00 17.00  0.00 25.00  0.00 26.00  0.00 40.32 
4  16.00  0.00 17.00  0.00 26.00  0.00 27.00  0.00 44.35 
4  17.00  0.00 18.00  0.00 23.00  0.00 24.00  0.00 40.09 
4  17.00  0.00 18.00  0.00 24.00  0.00 25.00  0.00 38.51 
4  17.00  0.00 18.00  0.00 25.00  0.00 26.00  0.00 26.74 
4  17.00  0.00 18.00  0.00 26.00  0.00 27.00  0.00 35.61 
4  17.00  0.00 18.00  0.00 27.00  0.00 28.00  0.00 36.43 
4  18.00  0.00 19.00  0.00 23.00  0.00 24.00  0.00 38.07 
4  18.00  0.00 19.00  0.00 24.00  0.00 25.00  0.00 41.83 
4  18.00  0.00 19.00  0.00 25.00  0.00 26.00  0.00 44.12 
4  18.00  0.00 19.00  0.00 26.00  0.00 27.00  0.00 35.81 
4  18.00  0.00 19.00  0.00 27.00  0.00 28.00  0.00 11.33 
4  18.00  0.00 19.00  0.00 28.00  0.00 29.00  0.00 12.84 
4  19.00  0.00 20.00  0.00 23.00  0.00 24.00  0.00 37.50 
4  19.00  0.00 20.00  0.00 24.00  0.00 25.00  0.00 37.21 
4  19.00  0.00 20.00  0.00 25.00  0.00 26.00  0.00 36.46 
4  19.00  0.00 20.00  0.00 26.00  0.00 27.00  0.00 34.58 
4  19.00  0.00 20.00  0.00 27.00  0.00 28.00  0.00 35.04 
4  19.00  0.00 20.00  0.00 28.00  0.00 29.00  0.00 37.07 
4  19.00  0.00 20.00  0.00 29.00  0.00 30.00  0.00 32.00 
4  20.00  0.00 21.00  0.00 23.00  0.00 24.00  0.00 41.00 
4  20.00  0.00 21.00  0.00 24.00  0.00 25.00  0.00 34.77 
4  20.00  0.00 21.00  0.00 25.00  0.00 26.00  0.00 34.90 
4  20.00  0.00 21.00  0.00 26.00  0.00 27.00  0.00 35.26 
4  20.00  0.00 21.00  0.00 27.00  0.00 28.00  0.00 32.57 
4  20.00  0.00 21.00  0.00 28.00  0.00 29.00  0.00 37.88 
4  20.00  0.00 21.00  0.00 29.00  0.00 30.00  0.00 34.55 
4  20.00  0.00 21.00  0.00 30.00  0.00 31.00  0.00 41.75 
4  21.00  0.00 22.00  0.00 23.00  0.00 24.00  0.00 62.60 
4  21.00  0.00 22.00  0.00 24.00  0.00 25.00  0.00 37.79 
4  21.00  0.00 22.00  0.00 25.00  0.00 26.00  0.00 31.82 
4  21.00  0.00 22.00  0.00 26.00  0.00 27.00  0.00 29.21 
4  21.00  0.00 22.00  0.00 27.00  0.00 28.00  0.00 28.79 
4  21.00  0.00 22.00  0.00 28.00  0.00 29.00  0.00 28.54 
4  21.00  0.00 22.00  0.00 29.00  0.00 30.00  0.00 28.96 
4  21.00  0.00 22.00  0.00 30.00  0.00 31.00  0.00 30.53 
4  21.00  0.00 22.00  0.00 31.00  0.00 32.00  0.00 30.15 
4  22.00  0.00 23.00  0.00 24.00  0.00 25.00  0.00 66.97 
4  22.00  0.00 23.00  0.00 25.00  0.00 26.00  0.00 45.69 
4  22.00  0.00 23.00  0.00 26.00  0.00 27.00  0.00 30.96 
4  22.00  0.00 23.00  0.00 27.00  0.00 28.00  0.00 27.91 
4  22.00  0.00 23.00  0.00 28.00  0.00 29.00  0.00 28.89 
4  22.00  0.00 23.00  0.00 29.00  0.00 30.00  0.00 28.12 
4  22.00  0.00 23.00  0.00 30.00  0.00 31.00  0.00 31.44 
4  22.00  0.00 23.00  0.00 31.00  0.00 32.00  0.00 28.22 
4  22.00  0.00 23.00  0.00 32.00  0.00 33.00  0.00 35.92 
4  23.00  0.00 24.00  0.00 25.00  0.00 26.00  0.00 82.65 
4  23.00  0.00 24.00  0.00 26.00  0.00 27.00  0.00 39.25 
4  23.00  0.00 24.00  0.00 27.00  0.00 28.00  0.00 26.12 
4  23.00  0.00 24.00  0.00 28.00  0.00 29.00  0.00 25.13 
4  23.00  0.00 24.00  0.00 29.00  0.00 30.00  0.00 23.17 
4  23.00  0.00 24.00  0.00 30.00  0.00 31.00  0.00 25.46 
4  23.00  0.00 24.00  0.00 31.00  0.00 32.00  0.00 22.22 
4  23.00  0.00 24.00  0.00 32.00  0.00 33.00  0.00 29.09 
4  23.00  0.00 24.00  0.00 33.00  0.00 34.00  0.00 21.03 
4  24.00  0.00 25.00  0.00 26.00  0.00 27.00  0.00 83.77 
4  24.00  0.00 25.00  0.00 27.00  0.00 28.00  0.00 36.18 
4  24.00  0.00 25.00  0.00 28.00  0.00 29.00  0.00 23.11 
4  24.00  0.00 25.00  0.00 29.00  0.00 30.00  0.00 21.20 
4  24.00  0.00 25.00  0.00 30.00  0.00 31.00  0.00 23.40 
4  24.00  0.00 25.00  0.00 31.00  0.00 32.00  0.00 25.78 
4  24.00  0.00 25.00  0.00 32.00  0.00 33.00  0.00 35.53 
4  24.00  0.00 25.00  0.00 33.00  0.00 34.00  0.00 30.62 
4  24.00  0.00 25.00  0.00 34.00  0.00 35.00  0.00 32.30 
4  25.00  0.00 26.00  0.00 27.00  0.00 28.00  0.00 69.10 
4  25.00  0.00 26.00  0.00 28.00  0.00 29.00  0.00 32.38 
4  25.00  0.00 26.00  0.00 29.00  0.00 30.00  0.00 20.64 
4  25.00  0.00 26.00  0.00 30.00  0.00 31.00  0.00 20.45 
4  25.00  0.00 26.00  0.00 31.00  0.00 32.00  0.00 22.07 
4  25.00  0.00 26.00  0.00 32.00  0.00 33.00  0.00 27.67 
4  25.00  0.00 26.00  0.00 33.00  0.00 34.00  0.00 19.63 
4  25.00  0.00 26.00  0.00 34.00  0.00 35.00  0.00 23.30 
4  26.00  0.00 27.00  0.00 28.00  0.00 29.00  0.00 84.79 
4  26.00  0.00 27.00  0.00 29.00  0.00 30.00  0.00 33.25 
4  26.00  0.00 27.00  0.00 30.00  0.00 31.00  0.00 22.39 
4  26.00  0.00 27.00  0.00 31.00  0.00 32.00  0.00 19.86 
4  26.00  0.00 27.00  0.00 32.00  0.00 33.00  0.00 21.51 
4  26.00  0.00 27.00  0.00 33.00  0.00 34.00  0.00 22.00 
4  26.00  0.00 27.00  0.00 34.00  0.00 35.00  0.00 29.52 
4  27.00  0.00 28.00  0.00 29.00  0.00 30.00  0.00 73.47 
4  27.00  0.00 28.00  0.00 30.00  0.00 31.00  0.00 34.90 
4  27.00  0.00 28.00  0.00 31.00  0.00 32.00  0.00 21.23 
4  27.00  0.00 28.00  0.00 32.00  0.00 33.00  0.00 20.81 
4  27.00  0.00 28.00  0.00 33.00  0.00 34.00  0.00 17.22 
4  27.00  0.00 28.00  0.00 34.00  0.00 35.00  0.00 21.58 
4  28.00  0.00 29.00  0.00 30.00  0.00 31.00  0.00 83.10 
4  28.00  0.00 29.00  0.00 31.00  0.00 32.00  0.00 34.70 
4  28.00  0.00 29.00  0.00 32.00  0.00 33.00  0.00 20.06 
4  28.00  0.00 29.00  0.00 33.00  0.00 34.00  0.00 16.33 
4  28.00  0.00 29.00  0.00 34.00  0.00 35.00  0.00 18.53 
4  29.00  0.00 30.00  0.00 31.00  0.00 32.00  0.00 81.42 
4  29.00  0.00 30.00  0.00 32.00  0.00 33.00  0.00 32.54 
4  29.00  0.00 30.00  0.00 33.00  0.00 34.00  0.00 17.76 
4  29.00  0.00 30.00  0.00 34.00  0.00 35.00  0.00 16.17 
4  30.00  0.00 31.00  0.00 32.00  0.00 33.00  0.00 90.56 
4  30.00  0.00 31.00  0.00 33.00  0.00 34.00  0.00 31.67 
4  30.00  0.00 31.00  0.00 34.00  0.00 35.00  0.00 20.28 
4  31.00  0.00 32.00  0.00 33.00  0.00 34.00  0.00 95.53 
4  31.00  0.00 32.00  0.00 34.00  0.00 35.00  0.00 44.20 
4  32.00  0.00 33.00  0.00 34.00  0.00 35.00  0.00 116.65 
4  25.00  0.00 26.00  0.00 35.00  0.00 36.00  0.00 33.46 
4  26.00  0.00 27.00  0.00 35.00  0.00 36.00  0.00 39.18 
4  26.00  0.00 27.00  0.00 36.00  0.00 37.00  0.00 20.86 
4  27.00  0.00 28.00  0.00 35.00  0.00 36.00  0.00 23.31 
4  27.00  0.00 28.00  0.00 36.00  0.00 37.00  0.00 31.86 
4  27.00  0.00 28.00  0.00 37.00  0.00 38.00  0.00 24.88 
4  28.00  0.00 29.00  0.00 35.00  0.00 36.00  0.00 23.67 
4  28.00  0.00 29.00  0.00 36.00  0.00 37.00  0.00 13.76 
4  28.00  0.00 29.00  0.00 37.00  0.00 38.00  0.00 23.85 
4  28.00  0.00 29.00  0.00 38.00  0.00 39.00  0.00 16.01 
4  29.00  0.00 30.00  0.00 35.00  0.00 36.00  0.00 18.10 
4  29.00  0.00 30.00  0.00 36.00  0.00 37.00  0.00 16.49 
4  29.00  0.00 30.00  0.00 37.00  0.00 38.00  0.00 10.15 
4  29.00  0.00 30.00  0.00 38.00  0.00 39.00  0.00 15.14 
4  29.00  0.00 30.00  0.00 39.00  0.00 40.00  0.00 14.33 
4  30.00  0.00 31.00  0.00 35.00  0.00 36.00  0.00 14.05 
4  30.00  0.00 31.00  0.00 36.00  0.00 37.00  0.00 15.83 
4  30.00  0.00 31.00  0.00 37.00  0.00 38.00  0.00 16.03 
4  30.00  0.00 31.00  0.00 38.00  0.00 39.00  0.00 19.08 
4  30.00  0.00 31.00  0.00 39.00  0.00 40.00  0.00 16.49 
4  30.00  0.00 31.00  0.00 40.00  0.00 41.00  0.00 20.88 
4  31.00  0.00 32.00  0.00 35.00  0.00 36.00  0.00 22.63 
4  31.00  0.00 32.00  0.00 36.00  0.00 37.00  0.00 21.38 
4  31.00  0.00 32.00  0.00 37.00  0.00 38.00  0.00 11.71 
4  31.00  0.00 32.00  0.00 38.00  0.00 39.00  0.00 10.96 
4  31.00  0.00 32.00  0.00 39.00  0.00 40.00  0.00 55.86 
4  31.00  0.00 32.00  0.00 40.00  0.00 41.00  0.00 3.15 
4  31.00  0.00 32.00  0.00 41.00  0.00 42.00  0.00 27.38 
4  32.00  0.00 33.00  0.00 35.00  0.00 36.00  0.00 43.36 
4  32.00  0.00 33.00  0.00 36.00  0.00 37.00  0.00 21.28 
4  32.00  0.00 33.00  0.00 37.00  0.00 38.00  0.00 16.44 
4  32.00  0.00 33.00  0.00 38.00  0.00 39.00  0.00 15.43 
4  32.00  0.00 33.00  0.00 39.00  0.00 40.00  0.00 12.66 
4  32.00  0.00 33.00  0.00 40.00  0.00 41.00  0.00 15.47 
4  32.00  0.00 33.00  0.00 41.00  0.00 42.00  0.00 19.84 
4  32.00  0.00 33.00  0.00 42.00  0.00 43.00  0.00 22.77 
4  33.00  0.00 34.00  0.00 35.00  0.00 36.00  0.00 90.73 
4  33.00  0.00 34.00  0.00 36.00  0.00 37.00  0.00 36.37 
4  33.00  0.00 34.00  0.00 37.00  0.00 38.00  0.00 21.51 
4  33.00  0.00 34.00  0.00 38.00  0.00 39.00  0.00 17.12 
4  33.00  0.00 34.00  0.00 39.00  0.00 40.00  0.00 14.67 
4  33.00  0.00 34.00  0.00 40.00  0.00 41.00  0.00 17.37 
4  33.00  0.00 34.00  0.00 41.00  0.00 42.00  0.00 20.86 
4  33.00  0.00 34.00  0.00 42.00  0.00 43.00  0.00 18.61 
4  33.00  0.00 34.00  0.00 43.00  0.00 44.00  0.00 21.13 
4  34.00  0.00 35.00  0.00 36.00  0.00 37.00  0.00 81.76 
4  34.00  0.00 35.00  0.00 37.00  0.00 38.00  0.00 41.57 
4  34.00  0.00 35.00  0.00 38.00  0.00 39.00  0.00 24.65 
4  34.00  0.00 35.00  0.00 39.00  0.00 40.00  0.00 12.45 
4  34.00  0.00 35.00  0.00 40.00  0.00 41.00  0.00 12.60 
4  34.00  0.00 35.00  0.00 41.00  0.00 42.00  0.00 20.83 
4  34.00  0.00 35.00  0.00 42.00  0.00 43.00  0.00 20.64 
4  34.00  0.00 35.00  0.00 43.00  0.00 44.00  0.00 21.74 
4  34.00  0.00 35.00  0.00 44.00  0.00 45.00  0.00 50.69 
4  35.00  0.00 36.00  0.00 37.00  0.00 38.00  0.00 99.09 
4  35.00  0.00 36.00  0.00 38.00  0.00 39.00  0.00 56.56 
4  35.00  0.00 36.00  0.00 39.00  0.00 40.00  0.00 21.63 
4  35.00  0.00 36.00  0.00 40.00  0.00 41.00  0.00 15.43 
4  35.00  0.00 36.00  0.00 41.00  0.00 42.00  0.00 15.59 
4  35.00  0.00 36.00  0.00 42.00  0.00 43.00  0.00 17.77 
4  35.00  0.00 36.00  0.00 43.00  0.00 44.00  0.00 20.41 
4  35.00  0.00 36.00  0.00 44.00  0.00 45.00  0.00 21.53 
4  35.00  0.00 36.00  0.00 45.00  0.00 46.00  0.00 28.62 
4  36.00  0.00 37.00  0.00 38.00  0.00 39.00  0.00 117.08 
4  36.00  0.00 37.00  0.00 39.00  0.00 40.00  0.00 39.41 
4  36.00  0.00 37.00  0.00 40.00  0.00 41.00  0.00 20.72 
4  36.00  0.00 37.00  0.00 41.00  0.00 42.00  0.00 16.15 
4  36.00  0.00 37.00  0.00 42.00  0.00 43.00  0.00 13.84 
4  36.00  0.00 37.00  0.00 43.00  0.00 44.00  0.00 14.25 
4  36.00  0.00 37.00  0.00 44.00  0.00 45.00  0.00 21.45 
4  36.00  0.00 37.00  0.00 45.00  0.00 46.00  0.00 24.45 
4  36.00  0.00 37.00  0.00 46.00  0.00 47.00  0.00 19.80 
4  37.00  0.00 38.00  0.00 39.00  0.00 40.00  0.00 78.75 
4  37.00  0.00 38.00  0.00 40.00  0.00 41.00  0.00 36.84 
4  37.00  0.00 38.00  0.00 41.00  0.00 42.00  0.00 18.22 
4  37.00  0.00 38.00  0.00 42.00  0.00 43.00  0.00 16.17 
4  37.00  0.00 38.00  0.00 43.00  0.00 44.00  0.00 12.04 
4  37.00  0.00 38.00  0.00 44.00  0.00 45.00  0.00 15.15 
4  37.00  0.00 38.00  0.00 45.00  0.00 46.00  0.00 14.20 
4  37.00  0.00 38.00  0.00 46.00  0.00 47.00  0.00 18.63 
4  38.00  0.00 39.00  0.00 40.00  0.00 41.00  0.00 106.94 
4  38.00  0.00 39.00  0.00 41.00  0.00 42.00  0.00 48.82 
4  38.00  0.00 39.00  0.00 42.00  0.00 43.00  0.00 25.03 
4  38.00  0.00 39.00  0.00 43.00  0.00 44.00  0.00 16.39 
4  38.00  0.00 39.00  0.00 44.00  0.00 45.00  0.00 12.34 
4  38.00  0.00 39.00  0.00 45.00  0.00 46.00  0.00 20.44 
4  38.00  0.00 39.00  0.00 46.00  0.00 47.00  0.00 23.75 
4  39.00  0.00 40.00  0.00 41.00  0.00 42.00  0.00 87.80 
4  39.00  0.00 40.00  0.00 42.00  0.00 43.00  0.00 44.49 
4  39.00  0.00 40.00  0.00 43.00  0.00 44.00  0.00 20.29 
4  39.00  0.00 40.00  0.00 44.00  0.00 45.00  0.00 12.40 
4  39.00  0.00 40.00  0.00 45.00  0.00 46.00  0.00 10.31 
4  39.00  0.00 40.00  0.00 46.00  0.00 47.00  0.00 12.48 
4  40.00  0.00 41.00  0.00 42.00  0.00 43.00  0.00 105.24 
4  40.00  0.00 41.00  0.00 43.00  0.00 44.00  0.00 47.20 
4  40.00  0.00 41.00  0.00 44.00  0.00 45.00  0.00 24.36 
4  40.00  0.00 41.00  0.00 45.00  0.00 46.00  0.00 16.68 
4  40.00  0.00 41.00  0.00 46.00  0.00 47.00  0.00 17.70 
4  41.00  0.00 42.00  0.00 43.00  0.00 44.00  0.00 101.19 
4  41.00  0.00 42.00  0.00 44.00  0.00 45.00  0.00 53.25 
4  41.00  0.00 42.00  0.00 45.00  0.00 46.00  0.00 25.50 
4  41.00  0.00 42.00  0.00 46.00  0.00 47.00  0.00 16.65 
4  42.00  0.00 43.00  0.00 44.00  0.00 45.00  0.00 123.84 
4  42.00  0.00 43.00  0.00 45.00  0.00 46.00  0.00 58.82 
4  42.00  0.00 43.00  0.00 46.00  0.00 47.00  0.00 30.21 
4  43.00  0.00 44.00  0.00 45.00  0.00 46.00  0.00 100.49 
4  43.00  0.00 44.00  0.00 46.00  0.00 47.00  0.00 53.56 
4  44.00  0.00 45.00  0.00 46.00  0.00 47.00  0.00 114.05 
4  37.00  0.00 38.00  0.00 47.00  0.00 48.00  0.00 27.38 
4  38.00  0.00 39.00  0.00 47.00  0.00 48.00  0.00 21.81 
4  38.00  0.00 39.00  0.00 48.00  0.00 49.00  0.00 37.21 
4  39.00  0.00 40.00  0.00 47.00  0.00 48.00  0.00 52.85 
4  39.00  0.00 40.00  0.00 48.00  0.00 49.00  0.00 18.31 
4  39.00  0.00 40.00  0.00 49.00  0.00 50.00  0.00 9.53 
4  40.00  0.00 41.00  0.00 47.00  0.00 48.00  0.00 20.75 
4  40.00  0.00 41.00  0.00 48.00  0.00 49.00  0.00 11.94 
4  40.00  0.00 41.00  0.00 49.00  0.00 50.00  0.00 21.52 
4  40.00  0.00 41.00  0.00 50.00  0.00 51.00  0.00 27.27 
4  41.00  0.00 42.00  0.00 47.00  0.00 48.00  0.00 17.76 
4  41.00  0.00 42.00  0.00 48.00  0.00 49.00  0.00 21.36 
4  41.00  0.00 42.00  0.00 49.00  0.00 50.00  0.00 11.21 
4  41.00  0.00 42.00  0.00 50.00  0.00 51.00  0.00 4.86 
4  41.00  0.00 42.00  0.00 51.00  0.00 52.00  0.00 9.66 
4  42.00  0.00 43.00  0.00 47.00  0.00 48.00  0.00 24.81 
4  42.00  0.00 43.00  0.00 48.00  0.00 49.00  0.00 18.49 
4  42.00  0.00 43.00  0.00 49.00  0.00 50.00  0.00 14.14 
4  42.00  0.00 43.00  0.00 50.00  0.00 51.00  0.00 19.70 
4  42.00  0.00 43.00  0.00 51.00  0.00 52.00  0.00 27.12 
4  42.00  0.00 43.00  0.00 52.00  0.00 53.00  0.00 11.19 
4  43.00  0.00 44.00  0.00 47.00  0.00 48.00  0.00 35.63 
4  43.00  0.00 44.00  0.00 48.00  0.00 49.00  0.00 23.70 
4  43.00  0.00 44.00  0.00 49.00  0.00 50.00  0.00 18.05 
4  43.00  0.00 44.00  0.00 50.00  0.00 51.00  0.00 15.73 
4  43.00  0.00 44.00  0.00 51.00  0.00 52.00  0.00 19.42 
4  43.00  0.00 44.00  0.00 52.00  0.00 53.00  0.00 40.39 
4  43.00  0.00 44.00  0.00 53.00  0.00 54.00  0.00 20.15 
4  44.00  0.00 45.00  0.00 47.00  0.00 48.00  0.00 70.93 
4  44.00  0.00 45.00  0.00 48.00  0.00 49.00  0.00 43.65 
4  44.00  0.00 45.00  0.00 49.00  0.00 50.00  0.00 27.52 
4  44.00  0.00 45.00  0.00 50.00  0.00 51.00  0.00 15.63 
4  44.00  0.00 45.00  0.00 51.00  0.00 52.00  0.00 17.26 
4  44.00  0.00 45.00  0.00 52.00  0.00 53.00  0.00 10.89 
4  44.00  0.00 45.00  0.00 53.00  0.00 54.00  0.00 27.02 
4  44.00  0.00 45.00  0.00 54.00  0.00 55.00  0.00 36.47 
4  45.00  0.00 46.00  0.00 47.00  0.00 48.00  0.00 152.51 
4  45.00  0.00 46.00  0.00 48.00  0.00 49.00  0.00 94.64 
4  45.00  0.00 46.00  0.00 49.00  0.00 50.00  0.00 49.21 
4  45.00  0.00 46.00  0.00 50.00  0.00 51.00  0.00 25.28 
4  45.00  0.00 46.00  0.00 51.00  0.00 52.00  0.00 19.33 
4  45.00  0.00 46.00  0.00 52.00  0.00 53.00  0.00 16.11 
4  45.00  0.00 46.00  0.00 53.00  0.00 54.00  0.00 15.58 
4  45.00  0.00 46.00  0.00 54.00  0.00 55.00  0.00 25.66 
4  45.00  0.00 46.00  0.00 55.00  0.00 56.00  0.00 44.37 
4  46.00  0.00 47.00  0.00 48.00  0.00 49.00  0.00 151.71 
4  46.00  0.00 47.00  0.00 49.00  0.00 50.00  0.00 90.71 
4  46.00  0.00 47.00  0.00 50.00  0.00 51.00  0.00 43.86 
4  46.00  0.00 47.00  0.00 51.00  0.00 52.00  0.00 25.00 
4  46.00  0.00 47.00  0.00 52.00  0.00 53.00  0.00 19.99 
4  46.00  0.00 47.00  0.00 53.00  0.00 54.00  0.00 18.66 
4  46.00  0.00 47.00  0.00 54.00  0.00 55.00  0.00 23.08 
4  46.00  0.00 47.00  0.00 55.00  0.00 56.00  0.00 35.39 
4  46.00  0.00 47.00  0.00 56.00  0.00 57.00  0.00 22.52 
4  47.00  0.00 48.00  0.00 49.00  0.00 50.00  0.00 151.99 
4  47.00  0.00 48.00  0.00 50.00  0.00 51.00  0.00 84.07 
4  47.00  0.00 48.00  0.00 51.00  0.00 52.00  0.00 43.50 
4  47.00  0.00 48.00  0.00 52.00  0.00 53.00  0.00 28.16 
4  47.00  0.00 48.00  0.00 53.00  0.00 54.00  0.00 23.45 
4  47.00  0.00 48.00  0.00 54.00  0.00 55.00  0.00 22.68 
4  47.00  0.00 48.00  0.00 55.00  0.00 56.00  0.00 26.84 
4  47.00  0.00 48.00  0.00 56.00  0.00 57.00  0.00 31.76 
4  47.00  0.00 48.00  0.00 57.00  0.00 58.00  0.00 50.60 
4  48.00  0.00 49.00  0.00 50.00  0.00 51.00  0.00 134.57 
4  48.00  0.00 49.00  0.00 51.00  0.00 52.00  0.00 79.75 
4  48.00  0.00 49.00  0.00 52.00  0.00 53.00  0.00 46.64 
4  48.00  0.00 49.00  0.00 53.00  0.00 54.00  0.00 28.00 
4  48.00  0.00 49.00  0.00 54.00  0.00 55.00  0.00 23.55 
4  48.00  0.00 49.00  0.00 55.00  0.00 56.00  0.00 28.79 
4  48.00  0.00 49.00  0.00 56.00  0.00 57.00  0.00 24.79 
4  48.00  0.00 49.00  0.00 57.00  0.00 58.00  0.00 27.25 
4  48.00  0.00 49.00  0.00 58.00  0.00 59.00  0.00 4.82 
4  49.00  0.00 50.00  0.00 51.00  0.00 52.00  0.00 123.08 
4  49.00  0.00 50.00  0.00 52.00  0.00 53.00  0.00 82.37 
4  49.00  0.00 50.00  0.00 53.00  0.00 54.00  0.00 48.49 
4  49.00  0.00 50.00  0.00 54.00  0.00 55.00  0.00 30.63 
4  49.00  0.00 50.00  0.00 55.00  0.00 56.00  0.00 30.00 
4  49.00  0.00 50.00  0.00 56.00  0.00 57.00  0.00 25.06 
4  49.00  0.00 50.00  0.00 57.00  0.00 58.00  0.00 24.28 
4  49.00  0.00 50.00  0.00 58.00  0.00 59.00  0.00 36.40 
4  50.00  0.00 51.00  0.00 52.00  0.00 53.00  0.00 125.15 
4  50.00  0.00 51.00  0.00 53.00  0.00 54.00  0.00 84.06 
4  50.00  0.00 51.00  0.00 54.00  0.00 55.00  0.00 49.13 
4  50.00  0.00 51.00  0.00 55.00  0.00 56.00  0.00 36.91 
4  50.00  0.00 51.00  0.00 56.00  0.00 57.00  0.00 30.77 
4  50.00  0.00 51.00  0.00 57.00  0.00 58.00  0.00 33.86 
4  50.00  0.00 51.00  0.00 58.00  0.00 59.00  0.00 44.71 
4  51.00  0.00 52.00  0.00 53.00  0.00 54.00  0.00 119.52 
4  51.00  0.00 52.00  0.00 54.00  0.00 55.00  0.00 76.25 
4  51.00  0.00 52.00  0.00 55.00  0.00 56.00  0.00 51.18 
4  51.00  0.00 52.00  0.00 56.00  0.00 57.00  0.00 34.83 
4  51.00  0.00 52.00  0.00 57.00  0.00 58.00  0.00 31.18 
4  51.00  0.00 52.00  0.00 58.00  0.00 59.00  0.00 38.68 
4  52.00  0.00 53.00  0.00 54.00  0.00 55.00  0.00 114.03 
4  52.00  0.00 53.00  0.00 55.00  0.00 56.00  0.00 81.76 
4  52.00  0.00 53.00  0.00 56.00  0.00 57.00  0.00 46.07 
4  52.00  0.00 53.00  0.00 57.00  0.00 58.00  0.00 34.72 
4  52.00  0.00 53.00  0.00 58.00  0.00 59.00  0.00 33.15 
4  53.00  0.00 54.00  0.00 55.00  0.00 56.00  0.00 119.09 
4  53.00  0.00 54.00  0.00 56.00  0.00 57.00  0.00 69.80 
4  53.00  0.00 54.00  0.00 57.00  0.00 58.00  0.00 44.13 
4  53.00  0.00 54.00  0.00 58.00  0.00 59.00  0.00 36.81 
4  54.00  0.00 55.00  0.00 56.00  0.00 57.00  0.00 118.52 
4  54.00  0.00 55.00  0.00 57.00  0.00 58.00  0.00 66.90 
4  54.00  0.00 55.00  0.00 58.00  0.00 59.00  0.00 44.57 
4  55.00  0.00 56.00  0.00 57.00  0.00 58.00  0.00 124.39 
4  55.00  0.00 56.00  0.00 58.00  0.00 59.00  0.00 75.54 
4  56.00  0.00 57.00  0.00 58.00  0.00 59.00  0.00 126.14 
4  49.00  0.00 50.00  0.00 59.00  0.00 60.00  0.00 38.72 
4  50.00  0.00 51.00  0.00 59.00  0.00 60.00  0.00 33.77 
4  50.00  0.00 51.00  0.00 60.00  0.00 61.00  0.00 39.93 
4  51.00  0.00 52.00  0.00 59.00  0.00 60.00  0.00 37.20 
4  51.00  0.00 52.00  0.00 60.00  0.00 61.00  0.00 42.92 
4  51.00  0.00 52.00  0.00 61.00  0.00 62.00  0.00 36.81 
4  52.00  0.00 53.00  0.00 59.00  0.00 60.00  0.00 36.26 
4  52.00  0.00 53.00  0.00 60.00  0.00 61.00  0.00 39.19 
4  52.00  0.00 53.00  0.00 61.00  0.00 62.00  0.00 50.88 
4  52.00  0.00 53.00  0.00 62.00  0.00 63.00  0.00 36.42 
4  53.00  0.00 54.00  0.00 59.00  0.00 60.00  0.00 35.44 
4  53.00  0.00 54.00  0.00 60.00  0.00 61.00  0.00 32.59 
4  53.00  0.00 54.00  0.00 61.00  0.00 62.00  0.00 37.91 
4  53.00  0.00 54.00  0.00 62.00  0.00 63.00  0.00 40.85 
4  53.00  0.00 54.00  0.00 63.00  0.00 64.00  0.00 48.35 
4  54.00  0.00 55.00  0.00 59.00  0.00 60.00  0.00 39.57 
4  54.00  0.00 55.00  0.00 60.00  0.00 61.00  0.00 36.85 
4  54.00  0.00 55.00  0.00 61.00  0.00 62.00  0.00 33.33 
4  54.00  0.00 55.00  0.00 62.00  0.00 63.00  0.00 34.78 
4  54.00  0.00 55.00  0.00 63.00  0.00 64.00  0.00 35.06 
4  54.00  0.00 55.00  0.00 64.00  0.00 65.00  0.00 31.34 
4  55.00  0.00 56.00  0.00 59.00  0.00 60.00  0.00 50.59 
4  55.00  0.00 56.00  0.00 60.00  0.00 61.00  0.00 44.04 
4  55.00  0.00 56.00  0.00 61.00  0.00 62.00  0.00 38.68 
4  55.00  0.00 56.00  0.00 62.00  0.00 63.00  0.00 48.11 
4  55.00  0.00 56.00  0.00 63.00  0.00 64.00  0.00 47.87 
4  55.00  0.00 56.00  0.00 64.00  0.00 65.00  0.00 28.01 
4  55.00  0.00 56.00  0.00 65.00  0.00 66.00  0.00 46.35 
4  56.00  0.00 57.00  0.00 59.00  0.00 60.00  0.00 72.29 
4  56.00  0.00 57.00  0.00 60.00  0.00 61.00  0.00 49.32 
4  56.00  0.00 57.00  0.00 61.00  0.00 62.00  0.00 41.36 
4  56.00  0.00 57.00  0.00 62.00  0.00 63.00  0.00 45.43 
4  56.00  0.00 57.00  0.00 63.00  0.00 64.00  0.00 42.61 
4  56.00  0.00 57.00  0.00 64.00  0.00 65.00  0.00 50.53 
4  56.00  0.00 57.00  0.00 65.00  0.00 66.00  0.00 52.35 
4  56.00  0.00 57.00  0.00 66.00  0.00 67.00  0.00 63.57 
4  57.00  0.00 58.00  0.00 59.00  0.00 60.00  0.00 116.40 
4  57.00  0.00 58.00  0.00 60.00  0.00 61.00  0.00 67.15 
4  57.00  0.00 58.00  0.00 61.00  0.00 62.00  0.00 45.68 
4  57.00  0.00 58.00  0.00 62.00  0.00 63.00  0.00 49.53 
4  57.00  0.00 58.00  0.00 63.00  0.00 64.00  0.00 53.63 
4  57.00  0.00 58.00  0.00 64.00  0.00 65.00  0.00 49.23 
4  57.00  0.00 58.00  0.00 65.00  0.00 66.00  0.00 47.52 
4  57.00  0.00 58.00  0.00 66.00  0.00 67.00  0.00 43.02 
4  57.00  0.00 58.00  0.00 67.00  0.00 68.00  0.00 39.58 
4  58.00  0.00 59.00  0.00 60.00  0.00 61.00  0.00 105.42 
4  58.00  0.00 59.00  0.00 61.00  0.00 62.00  0.00 57.35 
4  58.00  0.00 59.00  0.00 62.00  0.00 63.00  0.00 55.81 
4  58.00  0.00 59.00  0.00 63.00  0.00 64.00  0.00 57.84 
4  58.00  0.00 59.00  0.00 64.00  0.00 65.00  0.00 52.71 
4  58.00  0.00 59.00  0.00 65.00  0.00 66.00  0.00 50.50 
4  58.00  0.00 59.00  0.00 66.00  0.00 67.00  0.00 49.25 
4  58.00  0.00 59.00  0.00 67.00  0.00 68.00  0.00 31.53 
4  58.00  0.00 59.00  0.00 68.00  0.00 69.00  0.00 32.80 
4  59.00  0.00 60.00  0.00 61.00  0.00 62.00  0.00 90.75 
4  59.00  0.00 60.00  0.00 62.00  0.00 63.00  0.00 65.96 
4  59.00  0.00 60.00  0.00 63.00  0.00 64.00  0.00 64.68 
4  59.00  0.00 60.00  0.00 64.00  0.00 65.00  0.00 55.64 
4  59.00  0.00 60.00  0.00 65.00  0.00 66.00  0.00 55.73 
4  59.00  0.00 60.00  0.00 66.00  0.00 67.00  0.00 54.84 
4  59.00  0.00 60.00  0.00 67.00  0.00 68.00  0.00 60.36 
4  59.00  0.00 60.00  0.00 68.00  0.00 69.00  0.00 64.44 
4  59.00  0.00 60.00  0.00 69.00  0.00 70.00  0.00 60.82 
4  60.00  0.00 61.00  0.00 62.00  0.00 63.00  0.00 91.16 
4  60.00  0.00 61.00  0.00 63.00  0.00 64.00  0.00 73.16 
4  60.00  0.00 61.00  0.00 64.00  0.00 65.00  0.00 60.80 
4  60.00  0.00 61.00  0.00 65.00  0.00 66.00  0.00 61.72 
4  60.00  0.00 61.00  0.00 66.00  0.00 67.00  0.00 63.42 
4  60.00  0.00 61.00  0.00 67.00  0.00 68.00  0.00 59.76 
4  60.00  0.00 61.00  0.00 68.00  0.00 69.00  0.00 68.00 
4  60.00  0.00 61.00  0.00 69.00  0.00 70.00  0.00 50.62 
4  60.00  0.00 61.00  0.00 70.00  0.00 71.00  0.00 57.06 
4  61.00  0.00 62.00  0.00 63.00  0.00 64.00  0.00 97.06 
4  61.00  0.00 62.00  0.00 64.00  0.00 65.00  0.00 68.44 
4  61.00  0.00 62.00  0.00 65.00  0.00 66.00  0.00 65.73 
4  61.00  0.00 62.00  0.00 66.00  0.00 67.00  0.00 62.87 
4  61.00  0.00 62.00  0.00 67.00  0.00 68.00  0.00 60.05 
4  61.00  0.00 62.00  0.00 68.00  0.00 69.00  0.00 63.21 
4  61.00  0.00 62.00  0.00 69.00  0.00 70.00  0.00 55.58 
4  61.00  0.00 62.00  0.00 70.00  0.00 71.00  0.00 61.40 
4  62.00  0.00 63.00  0.00 64.00  0.00 65.00  0.00 93.66 
4  62.00  0.00 63.00  0.00 65.00  0.00 66.00  0.00 82.43 
4  62.00  0.00 63.00  0.00 66.00  0.00 67.00  0.00 74.29 
4  62.00  0.00 63.00  0.00 67.00  0.00 68.00  0.00 70.55 
4  62.00  0.00 63.00  0.00 68.00  0.00 69.00  0.00 70.96 
4  62.00  0.00 63.00  0.00 69.00  0.00 70.00  0.00 69.41 
4  62.00  0.00 63.00  0.00 70.00  0.00 71.00  0.00 71.72 
4  63.00  0.00 64.00  0.00 65.00  0.00 66.00  0.00 124.75 
4  63.00  0.00 64.00  0.00 66.00  0.00 67.00  0.00 95.26 
4  63.00  0.00 64.00  0.00 67.00  0.00 68.00  0.00 84.59 
4  63.00  0.00 64.00  0.00 68.00  0.00 69.00  0.00 85.01 
4  63.00  0.00 64.00  0.00 69.00  0.00 70.00  0.00 84.00 
4  63.00  0.00 64.00  0.00 70.00  0.00 71.00  0.00 85.55 
4  64.00  0.00 65.00  0.00 66.00  0.00 67.00  0.00 125.85 
4  64.00  0.00 65.00  0.00 67.00  0.00 68.00  0.00 89.67 
4  64.00  0.00 65.00  0.00 68.00  0.00 69.00  0.00 85.33 
4  64.00  0.00 65.00  0.00 69.00  0.00 70.00  0.00 75.48 
4  64.00  0.00 65.00  0.00 70.00  0.00 71.00  0.00 78.10 
4  65.00  0.00 66.00  0.00 67.00  0.00 68.00  0.00 128.28 
4  65.00  0.00 66.00  0.00 68.00  0.00 69.00  0.00 100.06 
4  65.00  0.00 66.00  0.00 69.00  0.00 70.00  0.00 82.64 
4  65.00  0.00 66.00  0.00 70.00  0.00 71.00  0.00 82.48 
4  66.00  0.00 67.00  0.00 68.00  0.00 69.00  0.00 143.69 
4  66.00  0.00 67.00  0.00 69.00  0.00 70.00  0.00 95.11 
4  66.00  0.00 67.00  0.00 70.00  0.00 71.00  0.00 87.38 
4  67.00  0.00 68.00  0.00 69.00  0.00 70.00  0.00 124.87 
4  67.00  0.00 68.00  0.00 70.00  0.00 71.00  0.00 95.79 
4  68.00  0.00 69.00  0.00 70.00  0.00 71.00  0.00 139.75 
4  61.00  0.00 62.00  0.00 71.00  0.00 72.00  0.00 70.96 
4  62.00  0.00 63.00  0.00 71.00  0.00 72.00  0.00 66.21 
4  62.00  0.00 63.00  0.00 72.00  0.00 73.00  0.00 62.35 
4  63.00  0.00 64.00  0.00 71.00  0.00 72.00  0.00 70.88 
4  63.00  0.00 64.00  0.00 72.00  0.00 73.00  0.00 74.81 
4  63.00  0.00 64.00  0.00 73.00  0.00 74.00  0.00 15.45 
4  64.00  0.00 65.00  0.00 71.00  0.00 72.00  0.00 74.34 
4  64.00  0.00 65.00  0.00 72.00  0.00 73.00  0.00 76.01 
4  64.00  0.00 65.00  0.00 73.00  0.00 74.00  0.00 70.34 
4  64.00  0.00 65.00  0.00 74.00  0.00 75.00  0.00 73.51 
4  65.00  0.00 66.00  0.00 71.00  0.00 72.00  0.00 79.77 
4  65.00  0.00 66.00  0.00 72.00  0.00 73.00  0.00 74.77 
4  65.00  0.00 66.00  0.00 73.00  0.00 74.00  0.00 71.01 
4  65.00  0.00 66.00  0.00 74.00  0.00 75.00  0.00 69.42 
4  65.00  0.00 66.00  0.00 75.00  0.00 76.00  0.00 74.59 
4  66.00  0.00 67.00  0.00 71.00  0.00 72.00  0.00 83.13 
4  66.00  0.00 67.00  0.00 72.00  0.00 73.00  0.00 75.17 
4  66.00  0.00 67.00  0.00 73.00  0.00 74.00  0.00 72.11 
4  66.00  0.00 67.00  0.00 74.00  0.00 75.00  0.00 73.27 
4  66.00  0.00 67.00  0.00 75.00  0.00 76.00  0.00 76.73 
4  66.00  0.00 67.00  0.00 76.00  0.00 77.00  0.00 68.64 
4  67.00  0.00 68.00  0.00 71.00  0.00 72.00  0.00 82.39 
4  67.00  0.00 68.00  0.00 72.00  0.00 73.00  0.00 72.62 
4  67.00  0.00 68.00  0.00 73.00  0.00 74.00  0.00 72.23 
4  67.00  0.00 68.00  0.00 74.00  0.00 75.00  0.00 72.81 
4  67.00  0.00 68.00  0.00 75.00  0.00 76.00  0.00 91.85 
4  67.00  0.00 68.00  0.00 76.00  0.00 77.00  0.00 81.45 
4  67.00  0.00 68.00  0.00 77.00  0.00 78.00  0.00 79.50 
4  68.00  0.00 69.00  0.00 71.00  0.00 72.00  0.00 96.61 
4  68.00  0.00 69.00  0.00 72.00  0.00 73.00  0.00 79.83 
4  68.00  0.00 69.00  0.00 73.00  0.00 74.00  0.00 79.02 
4  68.00  0.00 69.00  0.00 74.00  0.00 75.00  0.00 78.81 
4  68.00  0.00 69.00  0.00 75.00  0.00 76.00  0.00 84.18 
4  68.00  0.00 69.00  0.00 76.00  0.00 77.00  0.00 81.57 
4  68.00  0.00 69.00  0.00 77.00  0.00 78.00  0.00 89.37 
4  68.00  0.00 69.00  0.00 78.00  0.00 79.00  0.00 85.21 
4  69.00  0.00 70.00  0.00 71.00  0.00 72.00  0.00 133.59 
4  69.00  0.00 70.00  0.00 72.00  0.00 73.00  0.00 78.36 
4  69.00  0.00 70.00  0.00 73.00  0.00 74.00  0.00 74.02 
4  69.00  0.00 70.00  0.00 74.00  0.00 75.00  0.00 73.53 
4  69.00  0.00 70.00  0.00 75.00  0.00 76.00  0.00 84.54 
4  69.00  0.00 70.00  0.00 76.00  0.00 77.00  0.00 82.16 
4  69.00  0.00 70.00  0.00 77.00  0.00 78.00  0.00 78.69 
4  69.00  0.00 70.00  0.00 78.00  0.00 79.00  0.00 83.54 
4  69.00  0.00 70.00  0.00 79.00  0.00 80.00  0.00 77.86 
4  70.00  0.00 71.00  0.00 72.00  0.00 73.00  0.00 118.70 
4  70.00  0.00 71.00  0.00 73.00  0.00 74.00  0.00 78.02 
4  70.00  0.00 71.00  0.00 74.00  0.00 75.00  0.00 76.91 
4  70.00  0.00 71.00  0.00 75.00  0.00 76.00  0.00 89.35 
4  70.00  0.00 71.00  0.00 76.00  0.00 77.00  0.00 95.01 
4  70.00  0.00 71.00  0.00 77.00  0.00 78.00  0.00 95.53 
4  70.00  0.00 71.00  0.00 78.00  0.00 79.00  0.00 97.26 
4  70.00  0.00 71.00  0.00 79.00  0.00 80.00  0.00 84.57 
4  70.00  0.00 71.00  0.00 80.00  0.00 81.00  0.00 108.65 
4  71.00  0.00 72.00  0.00 73.00  0.00 74.00  0.00 89.32 
4  71.00  0.00 72.00  0.00 74.00  0.00 75.00  0.00 69.25 
4  71.00  0.00 72.00  0.00 75.00  0.00 76.00  0.00 79.55 
4  71.00  0.00 72.00  0.00 76.00  0.00 77.00  0.00 84.98 
4  71.00  0.00 72.00  0.00 77.00  0.00 78.00  0.00 86.79 
4  71.00  0.00 72.00  0.00 78.00  0.00 79.00  0.00 95.33 
4  71.00  0.00 72.00  0.00 79.00  0.00 80.00  0.00 94.05 
4  71.00  0.00 72.00  0.00 80.00  0.00 81.00  0.00 98.59 
4  71.00  0.00 72.00  0.00 81.00  0.00 82.00  0.00 89.14 
4  72.00  0.00 73.00  0.00 74.00  0.00 75.00  0.00 94.43 
4  72.00  0.00 73.00  0.00 75.00  0.00 76.00  0.00 75.50 
4  72.00  0.00 73.00  0.00 76.00  0.00 77.00  0.00 79.40 
4  72.00  0.00 73.00  0.00 77.00  0.00 78.00  0.00 81.39 
4  72.00  0.00 73.00  0.00 78.00  0.00 79.00  0.00 89.26 
4  72.00  0.00 73.00  0.00 79.00  0.00 80.00  0.00 91.98 
4  72.00  0.00 73.00  0.00 80.00  0.00 81.00  0.00 95.16 
4  72.00  0.00 73.00  0.00 81.00  0.00 82.00  0.00 90.10 
4  72.00  0.00 73.00  0.00 82.00  0.00 83.00  0.00 96.65 
4  73.00  0.00 74.00  0.00 75.00  0.00 76.00  0.00 116.83 
4  73.00  0.00 74.00  0.00 76.00  0.00 77.00  0.00 80.96 
4  73.00  0.00 74.00  0.00 77.00  0.00 78.00  0.00 82.17 
4  73.00  0.00 74.00  0.00 78.00  0.00 79.00  0.00 85.53 
4  73.00  0.00 74.00  0.00 79.00  0.00 80.00  0.00 94.60 
4  73.00  0.00 74.00  0.00 80.00  0.00 81.00  0.00 97.28 
4  73.00  0.00 74.00  0.00 81.00  0.00 82.00  0.00 104.74 
4  73.00  0.00 74.00  0.00 82.00  0.00 83.00  0.00 81.33 
4  74.00  0.00 75.00  0.00 76.00  0.00 77.00  0.00 118.29 
4  74.00  0.00 75.00  0.00 77.00  0.00 78.00  0.00 83.04 
4  74.00  0.00 75.00  0.00 78.00  0.00 79.00  0.00 83.92 
4  74.00  0.00 75.00  0.00 79.00  0.00 80.00  0.00 89.84 
4  74.00  0.00 75.00  0.00 80.00  0.00 81.00  0.00 97.83 
4  74.00  0.00 75.00  0.00 81.00  0.00 82.00  0.00 88.31 
4  74.00  0.00 75.00  0.00 82.00  0.00 83.00  0.00 74.09 
4  75.00  0.00 76.00  0.00 77.00  0.00 78.00  0.00 123.30 
4  75.00  0.00 76.00  0.00 78.00  0.00 79.00  0.00 94.85 
4  75.00  0.00 76.00  0.00 79.00  0.00 80.00  0.00 96.55 
4  75.00  0.00 76.00  0.00 80.00  0.00 81.00  0.00 98.87 
4  75.00  0.00 76.00  0.00 81.00  0.00 82.00  0.00 95.18 
4  75.00  0.00 76.00  0.00 82.00  0.00 83.00  0.00 89.87 
4  76.00  0.00 77.00  0.00 78.00  0.00 79.00  0.00 142.19 
4  76.00  0.00 77.00  0.00 79.00  0.00 80.00  0.00 110.23 
4  76.00  0.00 77.00  0.00 80.00  0.00 81.00  0.00 103.69 
4  76.00  0.00 77.00  0.00 81.00  0.00 82.00  0.00 101.96 
4  76.00  0.00 77.00  0.00 82.00  0.00 83.00  0.00 88.34 
4  77.00  0.00 78.00  0.00 79.00  0.00 80.00  0.00 156.64 
4  77.00  0.00 78.00  0.00 80.00  0.00 81.00  0.00 117.18 
4  77.00  0.00 78.00  0.00 81.00  0.00 82.00  0.00 107.28 
4  77.00  0.00 78.00  0.00 82.00  0.00 83.00  0.00 90.77 
4  78.00  0.00 79.00  0.00 80.00  0.00 81.00  0.00 138.87 
4  78.00  0.00 79.00  0.00 81.00  0.00 82.00  0.00 114.37 
4  78.00  0.00 79.00  0.00 82.00  0.00 83.00  0.00 97.40 
4  79.00  0.00 80.00  0.00 81.00  0.00 82.00  0.00 136.56 
4  79.00  0.00 80.00  0.00 82.00  0.00 83.00  0.00 109.42 
4  80.00  0.00 81.00  0.00 82.00  0.00 83.00  0.00 122.71 
4  73.00  0.00 74.00  0.00 83.00  0.00 84.00  0.00 91.52 
4  74.00  0.00 75.00  0.00 83.00  0.00 84.00  0.00 82.16 
4  74.00  0.00 75.00  0.00 84.00  0.00 85.00  0.00 80.07 
4  75.00  0.00 76.00  0.00 83.00  0.00 84.00  0.00 85.04 
4  75.00  0.00 76.00  0.00 84.00  0.00 85.00  0.00 67.75 
4  75.00  0.00 76.00  0.00 85.00  0.00 86.00  0.00 65.88 
4  76.00  0.00 77.00  0.00 83.00  0.00 84.00  0.00 82.01 
4  76.00  0.00 77.00  0.00 84.00  0.00 85.00  0.00 82.72 
4  76.00  0.00 77.00  0.00 85.00  0.00 86.00  0.00 79.21 
4  76.00  0.00 77.00  0.00 86.00  0.00 87.00  0.00 76.31 
4  77.00  0.00 78.00  0.00 83.00  0.00 84.00  0.00 82.97 
4  77.00  0.00 78.00  0.00 84.00  0.00 85.00  0.00 83.28 
4  77.00  0.00 78.00  0.00 85.00  0.00 86.00  0.00 81.97 
4  77.00  0.00 78.00  0.00 86.00  0.00 87.00  0.00 79.32 
4  77.00  0.00 78.00  0.00 87.00  0.00 88.00  0.00 106.03 
4  78.00  0.00 79.00  0.00 83.00  0.00 84.00  0.00 93.78 
4  78.00  0.00 79.00  0.00 84.00  0.00 85.00  0.00 86.12 
4  78.00  0.00 79.00  0.00 85.00  0.00 86.00  0.00 78.72 
4  78.00  0.00 79.00  0.00 86.00  0.00 87.00  0.00 78.15 
4  78.00  0.00 79.00  0.00 87.00  0.00 88.00  0.00 81.91 
4  78.00  0.00 79.00  0.00 88.00  0.00 89.00  0.00 87.94 
4  79.00  0.00 80.00  0.00 83.00  0.00 84.00  0.00 104.98 
4  79.00  0.00 80.00  0.00 84.00  0.00 85.00  0.00 97.01 
4  79.00  0.00 80.00  0.00 85.00  0.00 86.00  0.00 102.25 
4  79.00  0.00 80.00  0.00 86.00  0.00 87.00  0.00 97.39 
4  79.00  0.00 80.00  0.00 87.00  0.00 88.00  0.00 95.89 
4  79.00  0.00 80.00  0.00 88.00  0.00 89.00  0.00 78.74 
4  79.00  0.00 80.00  0.00 89.00  0.00 90.00  0.00 89.45 
4  80.00  0.00 81.00  0.00 83.00  0.00 84.00  0.00 111.08 
4  80.00  0.00 81.00  0.00 84.00  0.00 85.00  0.00 103.24 
4  80.00  0.00 81.00  0.00 85.00  0.00 86.00  0.00 103.53 
4  80.00  0.00 81.00  0.00 86.00  0.00 87.00  0.00 94.74 
4  80.00  0.00 81.00  0.00 87.00  0.00 88.00  0.00 91.20 
4  80.00  0.00 81.00  0.00 88.00  0.00 89.00  0.00 85.51 
4  80.00  0.00 81.00  0.00 89.00  0.00 90.00  0.00 91.56 
4  80.00  0.00 81.00  0.00 90.00  0.00 91.00  0.00 72.38 
4  81.00  0.00 82.00  0.00 83.00  0.00 84.00  0.00 117.83 
4  81.00  0.00 82.00  0.00 84.00  0.00 85.00  0.00 109.25 
4  81.00  0.00 82.00  0.00 85.00  0.00 86.00  0.00 106.15 
4  81.00  0.00 82.00  0.00 86.00  0.00 87.00  0.00 97.83 
4  81.00  0.00 82.00  0.00 87.00  0.00 88.00  0.00 96.40 
4  81.00  0.00 82.00  0.00 88.00  0.00 89.00  0.00 98.48 
4  81.00  0.00 82.00  0.00 89.00  0.00 90.00  0.00 120.23 
4  81.00  0.00 82.00  0.00 90.00  0.00 91.00  0.00 86.06 
4  81.00  0.00 82.00  0.00 91.00  0.00 92.00  0.00 62.22 
4  82.00  0.00 83.00  0.00 84.00  0.00 85.00  0.00 99.58 
4  82.00  0.00 83.00  0.00 85.00  0.00 86.00  0.00 96.74 
4  82.00  0.00 83.00  0.00 86.00  0.00 87.00  0.00 93.30 
4  82.00  0.00 83.00  0.00 87.00  0.00 88.00  0.00 92.06 
4  82.00  0.00 83.00  0.00 88.00  0.00 89.00  0.00 98.84 
4  82.00  0.00 83.00  0.00 89.00  0.00 90.00  0.00 105.22 
4  82.00  0.00 83.00  0.00 90.00  0.00 91.00  0.00 79.61 
4  82.00  0.00 83.00  0.00 91.00  0.00 92.00  0.00 74.79 
4  82.00  0.00 83.00  0.00 92.00  0.00 93.00  0.00 70.17 
4  83.00  0.00 84.00  0.00 85.00  0.00 86.00  0.00 100.92 
4  83.00  0.00 84.00  0.00 86.00  0.00 87.00  0.00 98.18 
4  83.00  0.00 84.00  0.00 87.00  0.00 88.00  0.00 98.58 
4  83.00  0.00 84.00  0.00 88.00  0.00 89.00  0.00 102.17 
4  83.00  0.00 84.00  0.00 89.00  0.00 90.00  0.00 110.72 
4  83.00  0.00 84.00  0.00 90.00  0.00 91.00  0.00 87.03 
4  83.00  0.00 84.00  0.00 91.00  0.00 92.00  0.00 64.59 
4  83.00  0.00 84.00  0.00 92.00  0.00 93.00  0.00 68.00 
4  83.00  0.00 84.00  0.00 93.00  0.00 94.00  0.00 77.98 
4  84.00  0.00 85.00  0.00 86.00  0.00 87.00  0.00 99.76 
4  84.00  0.00 85.00  0.00 87.00  0.00 88.00  0.00 107.94 
4  84.00  0.00 85.00  0.00 88.00  0.00 89.00  0.00 111.97 
4  84.00  0.00 85.00  0.00 89.00  0.00 90.00  0.00 118.30 
4  84.00  0.00 85.00  0.00 90.00  0.00 91.00  0.00 97.92 
4  84.00  0.00 85.00  0.00 91.00  0.00 92.00  0.00 88.34 
4  84.00  0.00 85.00  0.00 92.00  0.00 93.00  0.00 71.79 
4  84.00  0.00 85.00  0.00 93.00  0.00 94.00  0.00 79.53 
4  84.00  0.00 85.00  0.00 94.00  0.00 95.00  0.00 74.46 
4  85.00  0.00 86.00  0.00 87.00  0.00 88.00  0.00 122.06 
4  85.00  0.00 86.00  0.00 88.00  0.00 89.00  0.00 128.60 
4  85.00  0.00 86.00  0.00 89.00  0.00 90.00  0.00 133.86 
4  85.00  0.00 86.00  0.00 90.00  0.00 91.00  0.00 111.60 
4  85.00  0.00 86.00  0.00 91.00  0.00 92.00  0.00 95.16 
4  85.00  0.00 86.00  0.00 92.00  0.00 93.00  0.00 85.40 
4  85.00  0.00 86.00  0.00 93.00  0.00 94.00  0.00 80.93 
4  85.00  0.00 86.00  0.00 94.00  0.00 95.00  0.00 86.88 
4  86.00  0.00 87.00  0.00 88.00  0.00 89.00  0.00 125.03 
4  86.00  0.00 87.00  0.00 89.00  0.00 90.00  0.00 132.95 
4  86.00  0.00 87.00  0.00 90.00  0.00 91.00  0.00 107.29 
4  86.00  0.00 87.00  0.00 91.00  0.00 92.00  0.00 94.06 
4  86.00  0.00 87.00  0.00 92.00  0.00 93.00  0.00 82.31 
4  86.00  0.00 87.00  0.00 93.00  0.00 94.00  0.00 81.61 
4  86.00  0.00 87.00  0.00 94.00  0.00 95.00  0.00 81.23 
4  87.00  0.00 88.00  0.00 89.00  0.00 90.00  0.00 138.06 
4  87.00  0.00 88.00  0.00 90.00  0.00 91.00  0.00 115.80 
4  87.00  0.00 88.00  0.00 91.00  0.00 92.00  0.00 99.71 
4  87.00  0.00 88.00  0.00 92.00  0.00 93.00  0.00 87.71 
4  87.00  0.00 88.00  0.00 93.00  0.00 94.00  0.00 88.52 
4  87.00  0.00 88.00  0.00 94.00  0.00 95.00  0.00 85.46 
4  88.00  0.00 89.00  0.00 90.00  0.00 91.00  0.00 127.43 
4  88.00  0.00 89.00  0.00 91.00  0.00 92.00  0.00 116.83 
4  88.00  0.00 89.00  0.00 92.00  0.00 93.00  0.00 98.64 
4  88.00  0.00 89.00  0.00 93.00  0.00 94.00  0.00 93.79 
4  88.00  0.00 89.00  0.00 94.00  0.00 95.00  0.00 94.65 
4  89.00  0.00 90.00  0.00 91.00  0.00 92.00  0.00 144.58 
4  89.00  0.00 90.00  0.00 92.00  0.00 93.00  0.00 124.25 
4  89.00  0.00 90.00  0.00 93.00  0.00 94.00  0.00 116.18 
4  89.00  0.00 90.00  0.00 94.00  0.00 95.00  0.00 110.19 
4  90.00  0.00 91.00  0.00 92.00  0.00 93.00  0.00 123.73 
4  90.00  0.00 91.00  0.00 93.00  0.00 94.00  0.00 121.64 
4  90.00  0.00 91.00  0.00 94.00  0.00 95.00  0.00 110.77 
4  91.00  0.00 92.00  0.00 93.00  0.00 94.00  0.00 125.39 
4  91.00  0.00 92.00  0.00 94.00  0.00 95.00  0.00 120.38 
4  92.00  0.00 93.00  0.00 94.00  0.00 95.00  0.00 118.91 
0
0
0
0
