mcline1.bin
         1.00
11
3
Type of measurement (0=app. resistivity,1=resistance)
0
801
 2
0
4  0.00  0.00 1.00  0.00 2.00  0.00 3.00  0.00 125.70 
4  0.00  0.00 1.00  0.00 3.00  0.00 4.00  0.00 69.49 
4  0.00  0.00 1.00  0.00 4.00  0.00 5.00  0.00 55.96 
4  0.00  0.00 1.00  0.00 5.00  0.00 6.00  0.00 47.46 
4  0.00  0.00 1.00  0.00 6.00  0.00 7.00  0.00 37.84 
4  0.00  0.00 1.00  0.00 7.00  0.00 8.00  0.00 49.54 
4  0.00  0.00 1.00  0.00 8.00  0.00 9.00  0.00 58.80 
4  0.00  0.00 1.00  0.00 9.00  0.00 10.00  0.00 63.16 
4  0.00  0.00 1.00  0.00 10.00  0.00 11.00  0.00 538.09 
4  1.00  0.00 2.00  0.00 3.00  0.00 4.00  0.00 125.95 
4  1.00  0.00 2.00  0.00 4.00  0.00 5.00  0.00 71.25 
4  1.00  0.00 2.00  0.00 5.00  0.00 6.00  0.00 52.95 
4  1.00  0.00 2.00  0.00 6.00  0.00 7.00  0.00 41.20 
4  1.00  0.00 2.00  0.00 7.00  0.00 8.00  0.00 48.19 
4  1.00  0.00 2.00  0.00 8.00  0.00 9.00  0.00 46.98 
4  1.00  0.00 2.00  0.00 9.00  0.00 10.00  0.00 63.46 
4  1.00  0.00 2.00  0.00 10.00  0.00 11.00  0.00 513.36 
4  1.00  0.00 2.00  0.00 11.00  0.00 12.00  0.00 566.37 
4  2.00  0.00 3.00  0.00 4.00  0.00 5.00  0.00 112.74 
4  2.00  0.00 3.00  0.00 5.00  0.00 6.00  0.00 84.34 
4  2.00  0.00 3.00  0.00 6.00  0.00 7.00  0.00 44.99 
4  2.00  0.00 3.00  0.00 7.00  0.00 8.00  0.00 50.61 
4  2.00  0.00 3.00  0.00 8.00  0.00 9.00  0.00 54.98 
4  2.00  0.00 3.00  0.00 9.00  0.00 10.00  0.00 58.48 
4  2.00  0.00 3.00  0.00 10.00  0.00 11.00  0.00 49.10 
4  2.00  0.00 3.00  0.00 11.00  0.00 12.00  0.00 70.06 
4  2.00  0.00 3.00  0.00 12.00  0.00 13.00  0.00 37.83 
4  3.00  0.00 4.00  0.00 5.00  0.00 6.00  0.00 104.66 
4  3.00  0.00 4.00  0.00 6.00  0.00 7.00  0.00 54.47 
4  3.00  0.00 4.00  0.00 7.00  0.00 8.00  0.00 50.63 
4  3.00  0.00 4.00  0.00 8.00  0.00 9.00  0.00 46.08 
4  3.00  0.00 4.00  0.00 9.00  0.00 10.00  0.00 54.68 
4  3.00  0.00 4.00  0.00 10.00  0.00 11.00  0.00 51.88 
4  3.00  0.00 4.00  0.00 11.00  0.00 12.00  0.00 57.99 
4  3.00  0.00 4.00  0.00 12.00  0.00 13.00  0.00 46.30 
4  3.00  0.00 4.00  0.00 13.00  0.00 14.00  0.00 17.78 
4  4.00  0.00 5.00  0.00 6.00  0.00 7.00  0.00 91.96 
4  4.00  0.00 5.00  0.00 7.00  0.00 8.00  0.00 95.93 
4  4.00  0.00 5.00  0.00 8.00  0.00 9.00  0.00 51.88 
4  4.00  0.00 5.00  0.00 9.00  0.00 10.00  0.00 48.87 
4  4.00  0.00 5.00  0.00 10.00  0.00 11.00  0.00 44.34 
4  4.00  0.00 5.00  0.00 11.00  0.00 12.00  0.00 50.58 
4  4.00  0.00 5.00  0.00 12.00  0.00 13.00  0.00 52.07 
4  4.00  0.00 5.00  0.00 13.00  0.00 14.00  0.00 64.48 
4  4.00  0.00 5.00  0.00 14.00  0.00 15.00  0.00 41.94 
4  5.00  0.00 6.00  0.00 7.00  0.00 8.00  0.00 123.27 
4  5.00  0.00 6.00  0.00 8.00  0.00 9.00  0.00 68.45 
4  5.00  0.00 6.00  0.00 9.00  0.00 10.00  0.00 55.07 
4  5.00  0.00 6.00  0.00 10.00  0.00 11.00  0.00 46.92 
4  5.00  0.00 6.00  0.00 11.00  0.00 12.00  0.00 50.16 
4  5.00  0.00 6.00  0.00 12.00  0.00 13.00  0.00 51.75 
4  5.00  0.00 6.00  0.00 13.00  0.00 14.00  0.00 51.92 
4  5.00  0.00 6.00  0.00 14.00  0.00 15.00  0.00 34.61 
4  5.00  0.00 6.00  0.00 15.00  0.00 16.00  0.00 70.89 
4  6.00  0.00 7.00  0.00 8.00  0.00 9.00  0.00 110.01 
4  6.00  0.00 7.00  0.00 9.00  0.00 10.00  0.00 81.78 
4  6.00  0.00 7.00  0.00 10.00  0.00 11.00  0.00 44.95 
4  6.00  0.00 7.00  0.00 11.00  0.00 12.00  0.00 40.64 
4  6.00  0.00 7.00  0.00 12.00  0.00 13.00  0.00 39.31 
4  6.00  0.00 7.00  0.00 13.00  0.00 14.00  0.00 32.91 
4  6.00  0.00 7.00  0.00 14.00  0.00 15.00  0.00 42.32 
4  6.00  0.00 7.00  0.00 15.00  0.00 16.00  0.00 56.50 
4  6.00  0.00 7.00  0.00 16.00  0.00 17.00  0.00 42.77 
4  7.00  0.00 8.00  0.00 9.00  0.00 10.00  0.00 127.69 
4  7.00  0.00 8.00  0.00 10.00  0.00 11.00  0.00 61.85 
4  7.00  0.00 8.00  0.00 11.00  0.00 12.00  0.00 43.64 
4  7.00  0.00 8.00  0.00 12.00  0.00 13.00  0.00 43.15 
4  7.00  0.00 8.00  0.00 13.00  0.00 14.00  0.00 47.58 
4  7.00  0.00 8.00  0.00 14.00  0.00 15.00  0.00 42.07 
4  7.00  0.00 8.00  0.00 15.00  0.00 16.00  0.00 57.30 
4  7.00  0.00 8.00  0.00 16.00  0.00 17.00  0.00 62.12 
4  7.00  0.00 8.00  0.00 17.00  0.00 18.00  0.00 64.39 
4  8.00  0.00 9.00  0.00 10.00  0.00 11.00  0.00 104.32 
4  8.00  0.00 9.00  0.00 11.00  0.00 12.00  0.00 58.96 
4  8.00  0.00 9.00  0.00 12.00  0.00 13.00  0.00 42.05 
4  8.00  0.00 9.00  0.00 13.00  0.00 14.00  0.00 45.98 
4  8.00  0.00 9.00  0.00 14.00  0.00 15.00  0.00 41.43 
4  8.00  0.00 9.00  0.00 15.00  0.00 16.00  0.00 49.07 
4  8.00  0.00 9.00  0.00 16.00  0.00 17.00  0.00 48.66 
4  8.00  0.00 9.00  0.00 17.00  0.00 18.00  0.00 41.68 
4  8.00  0.00 9.00  0.00 18.00  0.00 19.00  0.00 35.56 
4  9.00  0.00 10.00  0.00 11.00  0.00 12.00  0.00 97.20 
4  9.00  0.00 10.00  0.00 12.00  0.00 13.00  0.00 53.60 
4  9.00  0.00 10.00  0.00 13.00  0.00 14.00  0.00 50.64 
4  9.00  0.00 10.00  0.00 14.00  0.00 15.00  0.00 49.87 
4  9.00  0.00 10.00  0.00 15.00  0.00 16.00  0.00 48.02 
4  9.00  0.00 10.00  0.00 16.00  0.00 17.00  0.00 45.39 
4  9.00  0.00 10.00  0.00 17.00  0.00 18.00  0.00 51.30 
4  9.00  0.00 10.00  0.00 18.00  0.00 19.00  0.00 52.36 
4  9.00  0.00 10.00  0.00 19.00  0.00 20.00  0.00 45.60 
4  10.00  0.00 11.00  0.00 12.00  0.00 13.00  0.00 76.53 
4  10.00  0.00 11.00  0.00 13.00  0.00 14.00  0.00 51.68 
4  10.00  0.00 11.00  0.00 14.00  0.00 15.00  0.00 46.21 
4  10.00  0.00 11.00  0.00 15.00  0.00 16.00  0.00 48.08 
4  10.00  0.00 11.00  0.00 16.00  0.00 17.00  0.00 48.61 
4  10.00  0.00 11.00  0.00 17.00  0.00 18.00  0.00 49.38 
4  10.00  0.00 11.00  0.00 18.00  0.00 19.00  0.00 55.40 
4  10.00  0.00 11.00  0.00 19.00  0.00 20.00  0.00 48.44 
4  10.00  0.00 11.00  0.00 20.00  0.00 21.00  0.00 49.20 
4  11.00  0.00 12.00  0.00 13.00  0.00 14.00  0.00 73.38 
4  11.00  0.00 12.00  0.00 14.00  0.00 15.00  0.00 48.20 
4  11.00  0.00 12.00  0.00 15.00  0.00 16.00  0.00 47.88 
4  11.00  0.00 12.00  0.00 16.00  0.00 17.00  0.00 50.47 
4  11.00  0.00 12.00  0.00 17.00  0.00 18.00  0.00 53.46 
4  11.00  0.00 12.00  0.00 18.00  0.00 19.00  0.00 60.83 
4  11.00  0.00 12.00  0.00 19.00  0.00 20.00  0.00 60.85 
4  11.00  0.00 12.00  0.00 20.00  0.00 21.00  0.00 58.36 
4  11.00  0.00 12.00  0.00 21.00  0.00 22.00  0.00 61.43 
4  12.00  0.00 13.00  0.00 14.00  0.00 15.00  0.00 67.10 
4  12.00  0.00 13.00  0.00 15.00  0.00 16.00  0.00 48.08 
4  12.00  0.00 13.00  0.00 16.00  0.00 17.00  0.00 47.40 
4  12.00  0.00 13.00  0.00 17.00  0.00 18.00  0.00 49.74 
4  12.00  0.00 13.00  0.00 18.00  0.00 19.00  0.00 54.36 
4  12.00  0.00 13.00  0.00 19.00  0.00 20.00  0.00 52.11 
4  12.00  0.00 13.00  0.00 20.00  0.00 21.00  0.00 51.65 
4  12.00  0.00 13.00  0.00 21.00  0.00 22.00  0.00 54.56 
4  12.00  0.00 13.00  0.00 22.00  0.00 23.00  0.00 29.07 
4  13.00  0.00 14.00  0.00 15.00  0.00 16.00  0.00 74.07 
4  13.00  0.00 14.00  0.00 16.00  0.00 17.00  0.00 50.91 
4  13.00  0.00 14.00  0.00 17.00  0.00 18.00  0.00 47.95 
4  13.00  0.00 14.00  0.00 18.00  0.00 19.00  0.00 52.71 
4  13.00  0.00 14.00  0.00 19.00  0.00 20.00  0.00 50.61 
4  13.00  0.00 14.00  0.00 20.00  0.00 21.00  0.00 50.31 
4  13.00  0.00 14.00  0.00 21.00  0.00 22.00  0.00 54.86 
4  13.00  0.00 14.00  0.00 22.00  0.00 23.00  0.00 57.89 
4  14.00  0.00 15.00  0.00 16.00  0.00 17.00  0.00 77.35 
4  14.00  0.00 15.00  0.00 17.00  0.00 18.00  0.00 47.35 
4  14.00  0.00 15.00  0.00 18.00  0.00 19.00  0.00 47.91 
4  14.00  0.00 15.00  0.00 19.00  0.00 20.00  0.00 45.54 
4  14.00  0.00 15.00  0.00 20.00  0.00 21.00  0.00 46.64 
4  14.00  0.00 15.00  0.00 21.00  0.00 22.00  0.00 48.90 
4  14.00  0.00 15.00  0.00 22.00  0.00 23.00  0.00 49.59 
4  15.00  0.00 16.00  0.00 17.00  0.00 18.00  0.00 69.65 
4  15.00  0.00 16.00  0.00 18.00  0.00 19.00  0.00 49.89 
4  15.00  0.00 16.00  0.00 19.00  0.00 20.00  0.00 45.42 
4  15.00  0.00 16.00  0.00 20.00  0.00 21.00  0.00 45.94 
4  15.00  0.00 16.00  0.00 21.00  0.00 22.00  0.00 40.76 
4  15.00  0.00 16.00  0.00 22.00  0.00 23.00  0.00 47.70 
4  16.00  0.00 17.00  0.00 18.00  0.00 19.00  0.00 83.73 
4  16.00  0.00 17.00  0.00 19.00  0.00 20.00  0.00 52.89 
4  16.00  0.00 17.00  0.00 20.00  0.00 21.00  0.00 49.99 
4  16.00  0.00 17.00  0.00 21.00  0.00 22.00  0.00 42.01 
4  16.00  0.00 17.00  0.00 22.00  0.00 23.00  0.00 47.22 
4  17.00  0.00 18.00  0.00 19.00  0.00 20.00  0.00 78.77 
4  17.00  0.00 18.00  0.00 20.00  0.00 21.00  0.00 52.82 
4  17.00  0.00 18.00  0.00 21.00  0.00 22.00  0.00 39.21 
4  17.00  0.00 18.00  0.00 22.00  0.00 23.00  0.00 41.94 
4  18.00  0.00 19.00  0.00 20.00  0.00 21.00  0.00 80.23 
4  18.00  0.00 19.00  0.00 21.00  0.00 22.00  0.00 44.29 
4  18.00  0.00 19.00  0.00 22.00  0.00 23.00  0.00 42.07 
4  19.00  0.00 20.00  0.00 21.00  0.00 22.00  0.00 61.03 
4  19.00  0.00 20.00  0.00 22.00  0.00 23.00  0.00 42.56 
4  20.00  0.00 21.00  0.00 22.00  0.00 23.00  0.00 65.50 
4  13.00  0.00 14.00  0.00 23.00  0.00 24.00  0.00 50.22 
4  14.00  0.00 15.00  0.00 23.00  0.00 24.00  0.00 47.30 
4  14.00  0.00 15.00  0.00 24.00  0.00 25.00  0.00 41.98 
4  15.00  0.00 16.00  0.00 23.00  0.00 24.00  0.00 28.74 
4  15.00  0.00 16.00  0.00 24.00  0.00 25.00  0.00 26.31 
4  15.00  0.00 16.00  0.00 25.00  0.00 26.00  0.00 33.03 
4  16.00  0.00 17.00  0.00 23.00  0.00 24.00  0.00 41.56 
4  16.00  0.00 17.00  0.00 24.00  0.00 25.00  0.00 22.29 
4  16.00  0.00 17.00  0.00 25.00  0.00 26.00  0.00 35.27 
4  16.00  0.00 17.00  0.00 26.00  0.00 27.00  0.00 26.96 
4  17.00  0.00 18.00  0.00 23.00  0.00 24.00  0.00 37.77 
4  17.00  0.00 18.00  0.00 24.00  0.00 25.00  0.00 34.90 
4  17.00  0.00 18.00  0.00 25.00  0.00 26.00  0.00 40.33 
4  17.00  0.00 18.00  0.00 26.00  0.00 27.00  0.00 24.86 
4  17.00  0.00 18.00  0.00 27.00  0.00 28.00  0.00 27.96 
4  18.00  0.00 19.00  0.00 23.00  0.00 24.00  0.00 38.67 
4  18.00  0.00 19.00  0.00 24.00  0.00 25.00  0.00 34.99 
4  18.00  0.00 19.00  0.00 25.00  0.00 26.00  0.00 44.60 
4  18.00  0.00 19.00  0.00 26.00  0.00 27.00  0.00 46.98 
4  18.00  0.00 19.00  0.00 27.00  0.00 28.00  0.00 44.90 
4  18.00  0.00 19.00  0.00 28.00  0.00 29.00  0.00 54.46 
4  19.00  0.00 20.00  0.00 23.00  0.00 24.00  0.00 33.36 
4  19.00  0.00 20.00  0.00 24.00  0.00 25.00  0.00 34.26 
4  19.00  0.00 20.00  0.00 25.00  0.00 26.00  0.00 36.21 
4  19.00  0.00 20.00  0.00 26.00  0.00 27.00  0.00 35.63 
4  19.00  0.00 20.00  0.00 27.00  0.00 28.00  0.00 41.90 
4  19.00  0.00 20.00  0.00 28.00  0.00 29.00  0.00 42.36 
4  19.00  0.00 20.00  0.00 29.00  0.00 30.00  0.00 56.23 
4  20.00  0.00 21.00  0.00 23.00  0.00 24.00  0.00 37.56 
4  20.00  0.00 21.00  0.00 24.00  0.00 25.00  0.00 32.15 
4  20.00  0.00 21.00  0.00 25.00  0.00 26.00  0.00 31.95 
4  20.00  0.00 21.00  0.00 26.00  0.00 27.00  0.00 34.88 
4  20.00  0.00 21.00  0.00 27.00  0.00 28.00  0.00 34.07 
4  20.00  0.00 21.00  0.00 28.00  0.00 29.00  0.00 31.73 
4  20.00  0.00 21.00  0.00 29.00  0.00 30.00  0.00 27.01 
4  20.00  0.00 21.00  0.00 30.00  0.00 31.00  0.00 34.03 
4  21.00  0.00 22.00  0.00 23.00  0.00 24.00  0.00 55.80 
4  21.00  0.00 22.00  0.00 24.00  0.00 25.00  0.00 33.09 
4  21.00  0.00 22.00  0.00 25.00  0.00 26.00  0.00 28.81 
4  21.00  0.00 22.00  0.00 26.00  0.00 27.00  0.00 28.75 
4  21.00  0.00 22.00  0.00 27.00  0.00 28.00  0.00 28.46 
4  21.00  0.00 22.00  0.00 28.00  0.00 29.00  0.00 30.62 
4  21.00  0.00 22.00  0.00 29.00  0.00 30.00  0.00 31.83 
4  21.00  0.00 22.00  0.00 30.00  0.00 31.00  0.00 35.39 
4  21.00  0.00 22.00  0.00 31.00  0.00 32.00  0.00 37.46 
4  22.00  0.00 23.00  0.00 24.00  0.00 25.00  0.00 62.96 
4  22.00  0.00 23.00  0.00 25.00  0.00 26.00  0.00 36.01 
4  22.00  0.00 23.00  0.00 26.00  0.00 27.00  0.00 31.03 
4  22.00  0.00 23.00  0.00 27.00  0.00 28.00  0.00 29.07 
4  22.00  0.00 23.00  0.00 28.00  0.00 29.00  0.00 28.71 
4  22.00  0.00 23.00  0.00 29.00  0.00 30.00  0.00 28.74 
4  22.00  0.00 23.00  0.00 30.00  0.00 31.00  0.00 26.48 
4  22.00  0.00 23.00  0.00 31.00  0.00 32.00  0.00 28.43 
4  22.00  0.00 23.00  0.00 32.00  0.00 33.00  0.00 36.46 
4  23.00  0.00 24.00  0.00 25.00  0.00 26.00  0.00 77.28 
4  23.00  0.00 24.00  0.00 26.00  0.00 27.00  0.00 38.87 
4  23.00  0.00 24.00  0.00 27.00  0.00 28.00  0.00 26.43 
4  23.00  0.00 24.00  0.00 28.00  0.00 29.00  0.00 21.69 
4  23.00  0.00 24.00  0.00 29.00  0.00 30.00  0.00 34.25 
4  23.00  0.00 24.00  0.00 30.00  0.00 31.00  0.00 127.35 
4  23.00  0.00 24.00  0.00 31.00  0.00 32.00  0.00 27.15 
4  23.00  0.00 24.00  0.00 32.00  0.00 33.00  0.00 129.55 
4  23.00  0.00 24.00  0.00 33.00  0.00 34.00  0.00 30.20 
4  24.00  0.00 25.00  0.00 26.00  0.00 27.00  0.00 83.96 
4  24.00  0.00 25.00  0.00 27.00  0.00 28.00  0.00 33.41 
4  24.00  0.00 25.00  0.00 28.00  0.00 29.00  0.00 22.33 
4  24.00  0.00 25.00  0.00 29.00  0.00 30.00  0.00 61.90 
4  24.00  0.00 25.00  0.00 30.00  0.00 31.00  0.00 59.75 
4  24.00  0.00 25.00  0.00 31.00  0.00 32.00  0.00 65.09 
4  24.00  0.00 25.00  0.00 32.00  0.00 33.00  0.00 23.16 
4  24.00  0.00 25.00  0.00 33.00  0.00 34.00  0.00 23.20 
4  24.00  0.00 25.00  0.00 34.00  0.00 35.00  0.00 1102.19 
4  25.00  0.00 26.00  0.00 27.00  0.00 28.00  0.00 70.68 
4  25.00  0.00 26.00  0.00 28.00  0.00 29.00  0.00 28.08 
4  25.00  0.00 26.00  0.00 29.00  0.00 30.00  0.00 22.09 
4  25.00  0.00 26.00  0.00 30.00  0.00 31.00  0.00 13.82 
4  25.00  0.00 26.00  0.00 31.00  0.00 32.00  0.00 23.24 
4  25.00  0.00 26.00  0.00 32.00  0.00 33.00  0.00 9.83 
4  25.00  0.00 26.00  0.00 33.00  0.00 34.00  0.00 16.12 
4  25.00  0.00 26.00  0.00 34.00  0.00 35.00  0.00 143.88 
4  26.00  0.00 27.00  0.00 28.00  0.00 29.00  0.00 80.16 
4  26.00  0.00 27.00  0.00 29.00  0.00 30.00  0.00 40.56 
4  26.00  0.00 27.00  0.00 30.00  0.00 31.00  0.00 16.16 
4  26.00  0.00 27.00  0.00 31.00  0.00 32.00  0.00 20.05 
4  26.00  0.00 27.00  0.00 32.00  0.00 33.00  0.00 18.90 
4  26.00  0.00 27.00  0.00 33.00  0.00 34.00  0.00 25.46 
4  26.00  0.00 27.00  0.00 34.00  0.00 35.00  0.00 53.22 
4  27.00  0.00 28.00  0.00 29.00  0.00 30.00  0.00 72.47 
4  27.00  0.00 28.00  0.00 30.00  0.00 31.00  0.00 29.96 
4  27.00  0.00 28.00  0.00 31.00  0.00 32.00  0.00 20.59 
4  27.00  0.00 28.00  0.00 32.00  0.00 33.00  0.00 30.01 
4  27.00  0.00 28.00  0.00 33.00  0.00 34.00  0.00 2.82 
4  27.00  0.00 28.00  0.00 34.00  0.00 35.00  0.00 43.35 
4  28.00  0.00 29.00  0.00 30.00  0.00 31.00  0.00 75.81 
4  28.00  0.00 29.00  0.00 31.00  0.00 32.00  0.00 41.22 
4  28.00  0.00 29.00  0.00 32.00  0.00 33.00  0.00 19.58 
4  28.00  0.00 29.00  0.00 33.00  0.00 34.00  0.00 18.39 
4  28.00  0.00 29.00  0.00 34.00  0.00 35.00  0.00 17.50 
4  29.00  0.00 30.00  0.00 31.00  0.00 32.00  0.00 55.30 
4  29.00  0.00 30.00  0.00 32.00  0.00 33.00  0.00 62.80 
4  29.00  0.00 30.00  0.00 33.00  0.00 34.00  0.00 23.72 
4  29.00  0.00 30.00  0.00 34.00  0.00 35.00  0.00 42.89 
4  30.00  0.00 31.00  0.00 32.00  0.00 33.00  0.00 65.63 
4  30.00  0.00 31.00  0.00 33.00  0.00 34.00  0.00 44.18 
4  30.00  0.00 31.00  0.00 34.00  0.00 35.00  0.00 44.66 
4  31.00  0.00 32.00  0.00 33.00  0.00 34.00  0.00 85.88 
4  31.00  0.00 32.00  0.00 34.00  0.00 35.00  0.00 35.67 
4  32.00  0.00 33.00  0.00 34.00  0.00 35.00  0.00 114.70 
4  25.00  0.00 26.00  0.00 35.00  0.00 36.00  0.00 248.95 
4  26.00  0.00 27.00  0.00 35.00  0.00 36.00  0.00 26.29 
4  26.00  0.00 27.00  0.00 36.00  0.00 37.00  0.00 29.62 
4  27.00  0.00 28.00  0.00 35.00  0.00 36.00  0.00 13.21 
4  27.00  0.00 28.00  0.00 36.00  0.00 37.00  0.00 10.91 
4  27.00  0.00 28.00  0.00 37.00  0.00 38.00  0.00 26.91 
4  28.00  0.00 29.00  0.00 35.00  0.00 36.00  0.00 25.43 
4  28.00  0.00 29.00  0.00 36.00  0.00 37.00  0.00 10.94 
4  28.00  0.00 29.00  0.00 37.00  0.00 38.00  0.00 8.88 
4  28.00  0.00 29.00  0.00 38.00  0.00 39.00  0.00 6.57 
4  29.00  0.00 30.00  0.00 35.00  0.00 36.00  0.00 17.37 
4  29.00  0.00 30.00  0.00 36.00  0.00 37.00  0.00 20.38 
4  29.00  0.00 30.00  0.00 37.00  0.00 38.00  0.00 4.61 
4  29.00  0.00 30.00  0.00 38.00  0.00 39.00  0.00 23.98 
4  29.00  0.00 30.00  0.00 39.00  0.00 40.00  0.00 16.31 
4  30.00  0.00 31.00  0.00 35.00  0.00 36.00  0.00 17.74 
4  30.00  0.00 31.00  0.00 36.00  0.00 37.00  0.00 20.22 
4  30.00  0.00 31.00  0.00 37.00  0.00 38.00  0.00 13.80 
4  30.00  0.00 31.00  0.00 38.00  0.00 39.00  0.00 8.54 
4  30.00  0.00 31.00  0.00 39.00  0.00 40.00  0.00 4.99 
4  30.00  0.00 31.00  0.00 40.00  0.00 41.00  0.00 16.20 
4  31.00  0.00 32.00  0.00 35.00  0.00 36.00  0.00 18.56 
4  31.00  0.00 32.00  0.00 36.00  0.00 37.00  0.00 13.82 
4  31.00  0.00 32.00  0.00 37.00  0.00 38.00  0.00 10.14 
4  31.00  0.00 32.00  0.00 38.00  0.00 39.00  0.00 13.00 
4  31.00  0.00 32.00  0.00 39.00  0.00 40.00  0.00 1.68 
4  31.00  0.00 32.00  0.00 40.00  0.00 41.00  0.00 12.85 
4  31.00  0.00 32.00  0.00 41.00  0.00 42.00  0.00 7.38 
4  32.00  0.00 33.00  0.00 35.00  0.00 36.00  0.00 37.38 
4  32.00  0.00 33.00  0.00 36.00  0.00 37.00  0.00 19.11 
4  32.00  0.00 33.00  0.00 37.00  0.00 38.00  0.00 13.16 
4  32.00  0.00 33.00  0.00 38.00  0.00 39.00  0.00 14.72 
4  32.00  0.00 33.00  0.00 39.00  0.00 40.00  0.00 6.31 
4  32.00  0.00 33.00  0.00 40.00  0.00 41.00  0.00 16.27 
4  32.00  0.00 33.00  0.00 41.00  0.00 42.00  0.00 15.52 
4  32.00  0.00 33.00  0.00 42.00  0.00 43.00  0.00 3.86 
4  33.00  0.00 34.00  0.00 35.00  0.00 36.00  0.00 91.00 
4  33.00  0.00 34.00  0.00 36.00  0.00 37.00  0.00 31.49 
4  33.00  0.00 34.00  0.00 37.00  0.00 38.00  0.00 17.36 
4  33.00  0.00 34.00  0.00 38.00  0.00 39.00  0.00 16.91 
4  33.00  0.00 34.00  0.00 39.00  0.00 40.00  0.00 12.91 
4  33.00  0.00 34.00  0.00 40.00  0.00 41.00  0.00 2.07 
4  33.00  0.00 34.00  0.00 41.00  0.00 42.00  0.00 9.56 
4  33.00  0.00 34.00  0.00 42.00  0.00 43.00  0.00 10.48 
4  33.00  0.00 34.00  0.00 43.00  0.00 44.00  0.00 9.79 
4  34.00  0.00 35.00  0.00 36.00  0.00 37.00  0.00 82.69 
4  34.00  0.00 35.00  0.00 37.00  0.00 38.00  0.00 33.18 
4  34.00  0.00 35.00  0.00 38.00  0.00 39.00  0.00 19.42 
4  34.00  0.00 35.00  0.00 39.00  0.00 40.00  0.00 13.51 
4  34.00  0.00 35.00  0.00 40.00  0.00 41.00  0.00 13.98 
4  34.00  0.00 35.00  0.00 41.00  0.00 42.00  0.00 19.85 
4  34.00  0.00 35.00  0.00 42.00  0.00 43.00  0.00 16.81 
4  34.00  0.00 35.00  0.00 43.00  0.00 44.00  0.00 15.12 
4  34.00  0.00 35.00  0.00 44.00  0.00 45.00  0.00 19.24 
4  35.00  0.00 36.00  0.00 37.00  0.00 38.00  0.00 94.68 
4  35.00  0.00 36.00  0.00 38.00  0.00 39.00  0.00 46.22 
4  35.00  0.00 36.00  0.00 39.00  0.00 40.00  0.00 18.69 
4  35.00  0.00 36.00  0.00 40.00  0.00 41.00  0.00 14.62 
4  35.00  0.00 36.00  0.00 41.00  0.00 42.00  0.00 13.67 
4  35.00  0.00 36.00  0.00 42.00  0.00 43.00  0.00 16.31 
4  35.00  0.00 36.00  0.00 43.00  0.00 44.00  0.00 16.54 
4  35.00  0.00 36.00  0.00 44.00  0.00 45.00  0.00 18.73 
4  35.00  0.00 36.00  0.00 45.00  0.00 46.00  0.00 35.06 
4  36.00  0.00 37.00  0.00 38.00  0.00 39.00  0.00 107.56 
4  36.00  0.00 37.00  0.00 39.00  0.00 40.00  0.00 33.27 
4  36.00  0.00 37.00  0.00 40.00  0.00 41.00  0.00 16.87 
4  36.00  0.00 37.00  0.00 41.00  0.00 42.00  0.00 12.98 
4  36.00  0.00 37.00  0.00 42.00  0.00 43.00  0.00 19.15 
4  36.00  0.00 37.00  0.00 43.00  0.00 44.00  0.00 12.27 
4  36.00  0.00 37.00  0.00 44.00  0.00 45.00  0.00 21.69 
4  36.00  0.00 37.00  0.00 45.00  0.00 46.00  0.00 19.78 
4  36.00  0.00 37.00  0.00 46.00  0.00 47.00  0.00 32.68 
4  37.00  0.00 38.00  0.00 39.00  0.00 40.00  0.00 78.49 
4  37.00  0.00 38.00  0.00 40.00  0.00 41.00  0.00 32.44 
4  37.00  0.00 38.00  0.00 41.00  0.00 42.00  0.00 0.13 
4  37.00  0.00 38.00  0.00 42.00  0.00 43.00  0.00 48.89 
4  37.00  0.00 38.00  0.00 43.00  0.00 44.00  0.00 8.73 
4  37.00  0.00 38.00  0.00 44.00  0.00 45.00  0.00 45.14 
4  37.00  0.00 38.00  0.00 45.00  0.00 46.00  0.00 51.55 
4  37.00  0.00 38.00  0.00 46.00  0.00 47.00  0.00 30.85 
4  38.00  0.00 39.00  0.00 40.00  0.00 41.00  0.00 103.63 
4  38.00  0.00 39.00  0.00 41.00  0.00 42.00  0.00 46.10 
4  38.00  0.00 39.00  0.00 42.00  0.00 43.00  0.00 0.00 
4  38.00  0.00 39.00  0.00 43.00  0.00 44.00  0.00 26.63 
4  38.00  0.00 39.00  0.00 44.00  0.00 45.00  0.00 8.11 
4  38.00  0.00 39.00  0.00 45.00  0.00 46.00  0.00 3.82 
4  38.00  0.00 39.00  0.00 46.00  0.00 47.00  0.00 44.10 
4  39.00  0.00 40.00  0.00 41.00  0.00 42.00  0.00 85.76 
4  39.00  0.00 40.00  0.00 42.00  0.00 43.00  0.00 39.04 
4  39.00  0.00 40.00  0.00 43.00  0.00 44.00  0.00 17.85 
4  39.00  0.00 40.00  0.00 44.00  0.00 45.00  0.00 14.23 
4  39.00  0.00 40.00  0.00 45.00  0.00 46.00  0.00 11.76 
4  39.00  0.00 40.00  0.00 46.00  0.00 47.00  0.00 13.81 
4  40.00  0.00 41.00  0.00 42.00  0.00 43.00  0.00 108.85 
4  40.00  0.00 41.00  0.00 43.00  0.00 44.00  0.00 44.26 
4  40.00  0.00 41.00  0.00 44.00  0.00 45.00  0.00 22.82 
4  40.00  0.00 41.00  0.00 45.00  0.00 46.00  0.00 20.03 
4  40.00  0.00 41.00  0.00 46.00  0.00 47.00  0.00 12.13 
4  41.00  0.00 42.00  0.00 43.00  0.00 44.00  0.00 78.29 
4  41.00  0.00 42.00  0.00 44.00  0.00 45.00  0.00 63.39 
4  41.00  0.00 42.00  0.00 45.00  0.00 46.00  0.00 39.04 
4  41.00  0.00 42.00  0.00 46.00  0.00 47.00  0.00 17.71 
4  42.00  0.00 43.00  0.00 44.00  0.00 45.00  0.00 104.46 
4  42.00  0.00 43.00  0.00 45.00  0.00 46.00  0.00 44.66 
4  42.00  0.00 43.00  0.00 46.00  0.00 47.00  0.00 28.06 
4  43.00  0.00 44.00  0.00 45.00  0.00 46.00  0.00 104.08 
4  43.00  0.00 44.00  0.00 46.00  0.00 47.00  0.00 50.16 
4  44.00  0.00 45.00  0.00 46.00  0.00 47.00  0.00 119.41 
4  37.00  0.00 38.00  0.00 47.00  0.00 48.00  0.00 38.21 
4  38.00  0.00 39.00  0.00 47.00  0.00 48.00  0.00 22.90 
4  38.00  0.00 39.00  0.00 48.00  0.00 49.00  0.00 28.10 
4  39.00  0.00 40.00  0.00 47.00  0.00 48.00  0.00 10.36 
4  39.00  0.00 40.00  0.00 48.00  0.00 49.00  0.00 9.39 
4  39.00  0.00 40.00  0.00 49.00  0.00 50.00  0.00 17.01 
4  40.00  0.00 41.00  0.00 47.00  0.00 48.00  0.00 12.34 
4  40.00  0.00 41.00  0.00 48.00  0.00 49.00  0.00 18.96 
4  40.00  0.00 41.00  0.00 49.00  0.00 50.00  0.00 17.12 
4  40.00  0.00 41.00  0.00 50.00  0.00 51.00  0.00 27.21 
4  41.00  0.00 42.00  0.00 47.00  0.00 48.00  0.00 16.37 
4  41.00  0.00 42.00  0.00 48.00  0.00 49.00  0.00 13.96 
4  41.00  0.00 42.00  0.00 49.00  0.00 50.00  0.00 43.77 
4  41.00  0.00 42.00  0.00 50.00  0.00 51.00  0.00 7.36 
4  41.00  0.00 42.00  0.00 51.00  0.00 52.00  0.00 20.90 
4  42.00  0.00 43.00  0.00 47.00  0.00 48.00  0.00 21.68 
4  42.00  0.00 43.00  0.00 48.00  0.00 49.00  0.00 15.35 
4  42.00  0.00 43.00  0.00 49.00  0.00 50.00  0.00 12.94 
4  42.00  0.00 43.00  0.00 50.00  0.00 51.00  0.00 4.88 
4  42.00  0.00 43.00  0.00 51.00  0.00 52.00  0.00 7.50 
4  42.00  0.00 43.00  0.00 52.00  0.00 53.00  0.00 2.09 
4  43.00  0.00 44.00  0.00 47.00  0.00 48.00  0.00 32.01 
4  43.00  0.00 44.00  0.00 48.00  0.00 49.00  0.00 21.05 
4  43.00  0.00 44.00  0.00 49.00  0.00 50.00  0.00 18.09 
4  43.00  0.00 44.00  0.00 50.00  0.00 51.00  0.00 9.54 
4  43.00  0.00 44.00  0.00 51.00  0.00 52.00  0.00 8.51 
4  43.00  0.00 44.00  0.00 52.00  0.00 53.00  0.00 1.34 
4  43.00  0.00 44.00  0.00 53.00  0.00 54.00  0.00 6.41 
4  44.00  0.00 45.00  0.00 47.00  0.00 48.00  0.00 65.74 
4  44.00  0.00 45.00  0.00 48.00  0.00 49.00  0.00 38.34 
4  44.00  0.00 45.00  0.00 49.00  0.00 50.00  0.00 18.38 
4  44.00  0.00 45.00  0.00 50.00  0.00 51.00  0.00 13.04 
4  44.00  0.00 45.00  0.00 51.00  0.00 52.00  0.00 15.67 
4  44.00  0.00 45.00  0.00 52.00  0.00 53.00  0.00 17.15 
4  44.00  0.00 45.00  0.00 53.00  0.00 54.00  0.00 13.40 
4  44.00  0.00 45.00  0.00 54.00  0.00 55.00  0.00 23.73 
4  45.00  0.00 46.00  0.00 47.00  0.00 48.00  0.00 146.48 
4  45.00  0.00 46.00  0.00 48.00  0.00 49.00  0.00 84.10 
4  45.00  0.00 46.00  0.00 49.00  0.00 50.00  0.00 41.44 
4  45.00  0.00 46.00  0.00 50.00  0.00 51.00  0.00 19.12 
4  45.00  0.00 46.00  0.00 51.00  0.00 52.00  0.00 19.29 
4  45.00  0.00 46.00  0.00 52.00  0.00 53.00  0.00 13.27 
4  45.00  0.00 46.00  0.00 53.00  0.00 54.00  0.00 17.12 
4  45.00  0.00 46.00  0.00 54.00  0.00 55.00  0.00 21.65 
4  45.00  0.00 46.00  0.00 55.00  0.00 56.00  0.00 21.30 
4  46.00  0.00 47.00  0.00 48.00  0.00 49.00  0.00 149.90 
4  46.00  0.00 47.00  0.00 49.00  0.00 50.00  0.00 82.00 
4  46.00  0.00 47.00  0.00 50.00  0.00 51.00  0.00 37.43 
4  46.00  0.00 47.00  0.00 51.00  0.00 52.00  0.00 21.04 
4  46.00  0.00 47.00  0.00 52.00  0.00 53.00  0.00 16.76 
4  46.00  0.00 47.00  0.00 53.00  0.00 54.00  0.00 16.31 
4  46.00  0.00 47.00  0.00 54.00  0.00 55.00  0.00 11.87 
4  46.00  0.00 47.00  0.00 55.00  0.00 56.00  0.00 25.98 
4  46.00  0.00 47.00  0.00 56.00  0.00 57.00  0.00 7.67 
4  47.00  0.00 48.00  0.00 49.00  0.00 50.00  0.00 155.40 
4  47.00  0.00 48.00  0.00 50.00  0.00 51.00  0.00 79.69 
4  47.00  0.00 48.00  0.00 51.00  0.00 52.00  0.00 40.39 
4  47.00  0.00 48.00  0.00 52.00  0.00 53.00  0.00 24.31 
4  47.00  0.00 48.00  0.00 53.00  0.00 54.00  0.00 75.99 
4  47.00  0.00 48.00  0.00 54.00  0.00 55.00  0.00 179.49 
4  47.00  0.00 48.00  0.00 55.00  0.00 56.00  0.00 43.42 
4  47.00  0.00 48.00  0.00 56.00  0.00 57.00  0.00 111.92 
4  47.00  0.00 48.00  0.00 57.00  0.00 58.00  0.00 47.90 
4  48.00  0.00 49.00  0.00 50.00  0.00 51.00  0.00 143.58 
4  48.00  0.00 49.00  0.00 51.00  0.00 52.00  0.00 75.48 
4  48.00  0.00 49.00  0.00 52.00  0.00 53.00  0.00 42.39 
4  48.00  0.00 49.00  0.00 53.00  0.00 54.00  0.00 77.93 
4  48.00  0.00 49.00  0.00 54.00  0.00 55.00  0.00 58.00 
4  48.00  0.00 49.00  0.00 55.00  0.00 56.00  0.00 61.09 
4  48.00  0.00 49.00  0.00 56.00  0.00 57.00  0.00 17.40 
4  48.00  0.00 49.00  0.00 57.00  0.00 58.00  0.00 32.89 
4  48.00  0.00 49.00  0.00 58.00  0.00 59.00  0.00 1223.72 
4  49.00  0.00 50.00  0.00 51.00  0.00 52.00  0.00 129.99 
4  49.00  0.00 50.00  0.00 52.00  0.00 53.00  0.00 72.28 
4  49.00  0.00 50.00  0.00 53.00  0.00 54.00  0.00 41.06 
4  49.00  0.00 50.00  0.00 54.00  0.00 55.00  0.00 30.66 
4  49.00  0.00 50.00  0.00 55.00  0.00 56.00  0.00 25.17 
4  49.00  0.00 50.00  0.00 56.00  0.00 57.00  0.00 30.07 
4  49.00  0.00 50.00  0.00 57.00  0.00 58.00  0.00 34.55 
4  49.00  0.00 50.00  0.00 58.00  0.00 59.00  0.00 46.34 
4  50.00  0.00 51.00  0.00 52.00  0.00 53.00  0.00 120.52 
4  50.00  0.00 51.00  0.00 53.00  0.00 54.00  0.00 86.39 
4  50.00  0.00 51.00  0.00 54.00  0.00 55.00  0.00 39.36 
4  50.00  0.00 51.00  0.00 55.00  0.00 56.00  0.00 43.35 
4  50.00  0.00 51.00  0.00 56.00  0.00 57.00  0.00 35.62 
4  50.00  0.00 51.00  0.00 57.00  0.00 58.00  0.00 37.31 
4  50.00  0.00 51.00  0.00 58.00  0.00 59.00  0.00 80.54 
4  51.00  0.00 52.00  0.00 53.00  0.00 54.00  0.00 117.56 
4  51.00  0.00 52.00  0.00 54.00  0.00 55.00  0.00 69.88 
4  51.00  0.00 52.00  0.00 55.00  0.00 56.00  0.00 37.78 
4  51.00  0.00 52.00  0.00 56.00  0.00 57.00  0.00 30.26 
4  51.00  0.00 52.00  0.00 57.00  0.00 58.00  0.00 24.16 
4  51.00  0.00 52.00  0.00 58.00  0.00 59.00  0.00 38.94 
4  52.00  0.00 53.00  0.00 54.00  0.00 55.00  0.00 110.61 
4  52.00  0.00 53.00  0.00 55.00  0.00 56.00  0.00 85.82 
4  52.00  0.00 53.00  0.00 56.00  0.00 57.00  0.00 39.60 
4  52.00  0.00 53.00  0.00 57.00  0.00 58.00  0.00 39.51 
4  52.00  0.00 53.00  0.00 58.00  0.00 59.00  0.00 30.73 
4  53.00  0.00 54.00  0.00 55.00  0.00 56.00  0.00 96.77 
4  53.00  0.00 54.00  0.00 56.00  0.00 57.00  0.00 82.46 
4  53.00  0.00 54.00  0.00 57.00  0.00 58.00  0.00 48.48 
4  53.00  0.00 54.00  0.00 58.00  0.00 59.00  0.00 37.60 
4  54.00  0.00 55.00  0.00 56.00  0.00 57.00  0.00 106.55 
4  54.00  0.00 55.00  0.00 57.00  0.00 58.00  0.00 68.51 
4  54.00  0.00 55.00  0.00 58.00  0.00 59.00  0.00 79.63 
4  55.00  0.00 56.00  0.00 57.00  0.00 58.00  0.00 120.76 
4  55.00  0.00 56.00  0.00 58.00  0.00 59.00  0.00 65.06 
4  56.00  0.00 57.00  0.00 58.00  0.00 59.00  0.00 134.95 
4  49.00  0.00 50.00  0.00 59.00  0.00 60.00  0.00 10.72 
4  50.00  0.00 51.00  0.00 59.00  0.00 60.00  0.00 36.51 
4  50.00  0.00 51.00  0.00 60.00  0.00 61.00  0.00 35.77 
4  51.00  0.00 52.00  0.00 59.00  0.00 60.00  0.00 34.10 
4  51.00  0.00 52.00  0.00 60.00  0.00 61.00  0.00 55.83 
4  51.00  0.00 52.00  0.00 61.00  0.00 62.00  0.00 31.61 
4  52.00  0.00 53.00  0.00 59.00  0.00 60.00  0.00 22.60 
4  52.00  0.00 53.00  0.00 60.00  0.00 61.00  0.00 36.42 
4  52.00  0.00 53.00  0.00 61.00  0.00 62.00  0.00 30.15 
4  52.00  0.00 53.00  0.00 62.00  0.00 63.00  0.00 50.51 
4  53.00  0.00 54.00  0.00 59.00  0.00 60.00  0.00 38.75 
4  53.00  0.00 54.00  0.00 60.00  0.00 61.00  0.00 39.58 
4  53.00  0.00 54.00  0.00 61.00  0.00 62.00  0.00 26.28 
4  53.00  0.00 54.00  0.00 62.00  0.00 63.00  0.00 32.85 
4  53.00  0.00 54.00  0.00 63.00  0.00 64.00  0.00 34.32 
4  54.00  0.00 55.00  0.00 59.00  0.00 60.00  0.00 36.58 
4  54.00  0.00 55.00  0.00 60.00  0.00 61.00  0.00 32.06 
4  54.00  0.00 55.00  0.00 61.00  0.00 62.00  0.00 31.16 
4  54.00  0.00 55.00  0.00 62.00  0.00 63.00  0.00 41.60 
4  54.00  0.00 55.00  0.00 63.00  0.00 64.00  0.00 19.45 
4  54.00  0.00 55.00  0.00 64.00  0.00 65.00  0.00 45.40 
4  55.00  0.00 56.00  0.00 59.00  0.00 60.00  0.00 45.46 
4  55.00  0.00 56.00  0.00 60.00  0.00 61.00  0.00 40.79 
4  55.00  0.00 56.00  0.00 61.00  0.00 62.00  0.00 38.04 
4  55.00  0.00 56.00  0.00 62.00  0.00 63.00  0.00 43.76 
4  55.00  0.00 56.00  0.00 63.00  0.00 64.00  0.00 35.94 
4  55.00  0.00 56.00  0.00 64.00  0.00 65.00  0.00 39.34 
4  55.00  0.00 56.00  0.00 65.00  0.00 66.00  0.00 33.10 
4  56.00  0.00 57.00  0.00 59.00  0.00 60.00  0.00 69.29 
4  56.00  0.00 57.00  0.00 60.00  0.00 61.00  0.00 47.51 
4  56.00  0.00 57.00  0.00 61.00  0.00 62.00  0.00 40.37 
4  56.00  0.00 57.00  0.00 62.00  0.00 63.00  0.00 43.00 
4  56.00  0.00 57.00  0.00 63.00  0.00 64.00  0.00 33.62 
4  56.00  0.00 57.00  0.00 64.00  0.00 65.00  0.00 37.29 
4  56.00  0.00 57.00  0.00 65.00  0.00 66.00  0.00 32.82 
4  56.00  0.00 57.00  0.00 66.00  0.00 67.00  0.00 33.14 
4  57.00  0.00 58.00  0.00 59.00  0.00 60.00  0.00 125.21 
4  57.00  0.00 58.00  0.00 60.00  0.00 61.00  0.00 62.54 
4  57.00  0.00 58.00  0.00 61.00  0.00 62.00  0.00 42.97 
4  57.00  0.00 58.00  0.00 62.00  0.00 63.00  0.00 46.29 
4  57.00  0.00 58.00  0.00 63.00  0.00 64.00  0.00 39.99 
4  57.00  0.00 58.00  0.00 64.00  0.00 65.00  0.00 55.06 
4  57.00  0.00 58.00  0.00 65.00  0.00 66.00  0.00 33.97 
4  57.00  0.00 58.00  0.00 66.00  0.00 67.00  0.00 61.38 
4  57.00  0.00 58.00  0.00 67.00  0.00 68.00  0.00 57.06 
4  58.00  0.00 59.00  0.00 60.00  0.00 61.00  0.00 113.50 
4  58.00  0.00 59.00  0.00 61.00  0.00 62.00  0.00 54.22 
4  58.00  0.00 59.00  0.00 62.00  0.00 63.00  0.00 52.33 
4  58.00  0.00 59.00  0.00 63.00  0.00 64.00  0.00 51.47 
4  58.00  0.00 59.00  0.00 64.00  0.00 65.00  0.00 47.92 
4  58.00  0.00 59.00  0.00 65.00  0.00 66.00  0.00 48.61 
4  58.00  0.00 59.00  0.00 66.00  0.00 67.00  0.00 49.19 
4  58.00  0.00 59.00  0.00 67.00  0.00 68.00  0.00 41.47 
4  58.00  0.00 59.00  0.00 68.00  0.00 69.00  0.00 43.88 
4  59.00  0.00 60.00  0.00 61.00  0.00 62.00  0.00 103.72 
4  59.00  0.00 60.00  0.00 62.00  0.00 63.00  0.00 64.91 
4  59.00  0.00 60.00  0.00 63.00  0.00 64.00  0.00 63.53 
4  59.00  0.00 60.00  0.00 64.00  0.00 65.00  0.00 56.87 
4  59.00  0.00 60.00  0.00 65.00  0.00 66.00  0.00 57.41 
4  59.00  0.00 60.00  0.00 66.00  0.00 67.00  0.00 54.93 
4  59.00  0.00 60.00  0.00 67.00  0.00 68.00  0.00 58.68 
4  59.00  0.00 60.00  0.00 68.00  0.00 69.00  0.00 72.91 
4  59.00  0.00 60.00  0.00 69.00  0.00 70.00  0.00 39.41 
4  60.00  0.00 61.00  0.00 62.00  0.00 63.00  0.00 104.40 
4  60.00  0.00 61.00  0.00 63.00  0.00 64.00  0.00 71.40 
4  60.00  0.00 61.00  0.00 64.00  0.00 65.00  0.00 58.27 
4  60.00  0.00 61.00  0.00 65.00  0.00 66.00  0.00 42.48 
4  60.00  0.00 61.00  0.00 66.00  0.00 67.00  0.00 86.63 
4  60.00  0.00 61.00  0.00 67.00  0.00 68.00  0.00 52.94 
4  60.00  0.00 61.00  0.00 68.00  0.00 69.00  0.00 57.32 
4  60.00  0.00 61.00  0.00 69.00  0.00 70.00  0.00 65.10 
4  60.00  0.00 61.00  0.00 70.00  0.00 71.00  0.00 213.87 
4  61.00  0.00 62.00  0.00 63.00  0.00 64.00  0.00 107.54 
4  61.00  0.00 62.00  0.00 64.00  0.00 65.00  0.00 68.59 
4  61.00  0.00 62.00  0.00 65.00  0.00 66.00  0.00 69.06 
4  61.00  0.00 62.00  0.00 66.00  0.00 67.00  0.00 54.49 
4  61.00  0.00 62.00  0.00 67.00  0.00 68.00  0.00 59.26 
4  61.00  0.00 62.00  0.00 68.00  0.00 69.00  0.00 62.06 
4  61.00  0.00 62.00  0.00 69.00  0.00 70.00  0.00 58.24 
4  61.00  0.00 62.00  0.00 70.00  0.00 71.00  0.00 177.03 
4  62.00  0.00 63.00  0.00 64.00  0.00 65.00  0.00 106.40 
4  62.00  0.00 63.00  0.00 65.00  0.00 66.00  0.00 83.95 
4  62.00  0.00 63.00  0.00 66.00  0.00 67.00  0.00 68.85 
4  62.00  0.00 63.00  0.00 67.00  0.00 68.00  0.00 71.27 
4  62.00  0.00 63.00  0.00 68.00  0.00 69.00  0.00 64.14 
4  62.00  0.00 63.00  0.00 69.00  0.00 70.00  0.00 51.00 
4  62.00  0.00 63.00  0.00 70.00  0.00 71.00  0.00 97.63 
4  63.00  0.00 64.00  0.00 65.00  0.00 66.00  0.00 138.57 
4  63.00  0.00 64.00  0.00 66.00  0.00 67.00  0.00 93.01 
4  63.00  0.00 64.00  0.00 67.00  0.00 68.00  0.00 81.91 
4  63.00  0.00 64.00  0.00 68.00  0.00 69.00  0.00 80.86 
4  63.00  0.00 64.00  0.00 69.00  0.00 70.00  0.00 75.79 
4  63.00  0.00 64.00  0.00 70.00  0.00 71.00  0.00 76.96 
4  64.00  0.00 65.00  0.00 66.00  0.00 67.00  0.00 142.54 
4  64.00  0.00 65.00  0.00 67.00  0.00 68.00  0.00 89.40 
4  64.00  0.00 65.00  0.00 68.00  0.00 69.00  0.00 82.40 
4  64.00  0.00 65.00  0.00 69.00  0.00 70.00  0.00 72.15 
4  64.00  0.00 65.00  0.00 70.00  0.00 71.00  0.00 67.86 
4  65.00  0.00 66.00  0.00 67.00  0.00 68.00  0.00 143.53 
4  65.00  0.00 66.00  0.00 68.00  0.00 69.00  0.00 94.96 
4  65.00  0.00 66.00  0.00 69.00  0.00 70.00  0.00 80.78 
4  65.00  0.00 66.00  0.00 70.00  0.00 71.00  0.00 216.02 
4  66.00  0.00 67.00  0.00 68.00  0.00 69.00  0.00 154.04 
4  66.00  0.00 67.00  0.00 69.00  0.00 70.00  0.00 96.23 
4  66.00  0.00 67.00  0.00 70.00  0.00 71.00  0.00 235.74 
4  67.00  0.00 68.00  0.00 69.00  0.00 70.00  0.00 143.22 
4  67.00  0.00 68.00  0.00 70.00  0.00 71.00  0.00 95.25 
4  68.00  0.00 69.00  0.00 70.00  0.00 71.00  0.00 176.93 
4  61.00  0.00 62.00  0.00 71.00  0.00 72.00  0.00 64.39 
4  62.00  0.00 63.00  0.00 71.00  0.00 72.00  0.00 69.72 
4  62.00  0.00 63.00  0.00 72.00  0.00 73.00  0.00 31.47 
4  63.00  0.00 64.00  0.00 71.00  0.00 72.00  0.00 78.91 
4  63.00  0.00 64.00  0.00 72.00  0.00 73.00  0.00 55.63 
4  63.00  0.00 64.00  0.00 73.00  0.00 74.00  0.00 66.13 
4  64.00  0.00 65.00  0.00 71.00  0.00 72.00  0.00 75.22 
4  64.00  0.00 65.00  0.00 72.00  0.00 73.00  0.00 69.24 
4  64.00  0.00 65.00  0.00 73.00  0.00 74.00  0.00 80.94 
4  64.00  0.00 65.00  0.00 74.00  0.00 75.00  0.00 77.18 
4  65.00  0.00 66.00  0.00 71.00  0.00 72.00  0.00 65.37 
4  65.00  0.00 66.00  0.00 72.00  0.00 73.00  0.00 75.21 
4  65.00  0.00 66.00  0.00 73.00  0.00 74.00  0.00 77.74 
4  65.00  0.00 66.00  0.00 74.00  0.00 75.00  0.00 72.14 
4  65.00  0.00 66.00  0.00 75.00  0.00 76.00  0.00 79.05 
4  66.00  0.00 67.00  0.00 71.00  0.00 72.00  0.00 80.43 
4  66.00  0.00 67.00  0.00 72.00  0.00 73.00  0.00 78.49 
4  66.00  0.00 67.00  0.00 73.00  0.00 74.00  0.00 80.88 
4  66.00  0.00 67.00  0.00 74.00  0.00 75.00  0.00 85.20 
4  66.00  0.00 67.00  0.00 75.00  0.00 76.00  0.00 95.47 
4  66.00  0.00 67.00  0.00 76.00  0.00 77.00  0.00 90.91 
4  67.00  0.00 68.00  0.00 71.00  0.00 72.00  0.00 78.96 
4  67.00  0.00 68.00  0.00 72.00  0.00 73.00  0.00 74.06 
4  67.00  0.00 68.00  0.00 73.00  0.00 74.00  0.00 77.67 
4  67.00  0.00 68.00  0.00 74.00  0.00 75.00  0.00 80.57 
4  67.00  0.00 68.00  0.00 75.00  0.00 76.00  0.00 77.26 
4  67.00  0.00 68.00  0.00 76.00  0.00 77.00  0.00 92.54 
4  67.00  0.00 68.00  0.00 77.00  0.00 78.00  0.00 92.07 
4  68.00  0.00 69.00  0.00 71.00  0.00 72.00  0.00 91.64 
4  68.00  0.00 69.00  0.00 72.00  0.00 73.00  0.00 76.71 
4  68.00  0.00 69.00  0.00 73.00  0.00 74.00  0.00 77.10 
4  68.00  0.00 69.00  0.00 74.00  0.00 75.00  0.00 79.85 
4  68.00  0.00 69.00  0.00 75.00  0.00 76.00  0.00 91.17 
4  68.00  0.00 69.00  0.00 76.00  0.00 77.00  0.00 96.42 
4  68.00  0.00 69.00  0.00 77.00  0.00 78.00  0.00 91.65 
4  68.00  0.00 69.00  0.00 78.00  0.00 79.00  0.00 87.73 
4  69.00  0.00 70.00  0.00 71.00  0.00 72.00  0.00 138.86 
4  69.00  0.00 70.00  0.00 72.00  0.00 73.00  0.00 77.35 
4  69.00  0.00 70.00  0.00 73.00  0.00 74.00  0.00 73.36 
4  69.00  0.00 70.00  0.00 74.00  0.00 75.00  0.00 72.36 
4  69.00  0.00 70.00  0.00 75.00  0.00 76.00  0.00 83.11 
4  69.00  0.00 70.00  0.00 76.00  0.00 77.00  0.00 90.36 
4  69.00  0.00 70.00  0.00 77.00  0.00 78.00  0.00 79.62 
4  69.00  0.00 70.00  0.00 78.00  0.00 79.00  0.00 87.91 
4  69.00  0.00 70.00  0.00 79.00  0.00 80.00  0.00 84.64 
4  70.00  0.00 71.00  0.00 72.00  0.00 73.00  0.00 115.66 
4  70.00  0.00 71.00  0.00 73.00  0.00 74.00  0.00 75.02 
4  70.00  0.00 71.00  0.00 74.00  0.00 75.00  0.00 72.90 
4  70.00  0.00 71.00  0.00 75.00  0.00 76.00  0.00 84.53 
4  70.00  0.00 71.00  0.00 76.00  0.00 77.00  0.00 91.08 
4  70.00  0.00 71.00  0.00 77.00  0.00 78.00  0.00 92.39 
4  70.00  0.00 71.00  0.00 78.00  0.00 79.00  0.00 91.73 
4  70.00  0.00 71.00  0.00 79.00  0.00 80.00  0.00 93.65 
4  70.00  0.00 71.00  0.00 80.00  0.00 81.00  0.00 102.38 
4  71.00  0.00 72.00  0.00 73.00  0.00 74.00  0.00 100.94 
4  71.00  0.00 72.00  0.00 74.00  0.00 75.00  0.00 70.32 
4  71.00  0.00 72.00  0.00 75.00  0.00 76.00  0.00 82.94 
4  71.00  0.00 72.00  0.00 76.00  0.00 77.00  0.00 70.59 
4  71.00  0.00 72.00  0.00 77.00  0.00 78.00  0.00 34.95 
4  71.00  0.00 72.00  0.00 78.00  0.00 79.00  0.00 298.42 
4  71.00  0.00 72.00  0.00 79.00  0.00 80.00  0.00 58.45 
4  71.00  0.00 72.00  0.00 80.00  0.00 81.00  0.00 154.53 
4  71.00  0.00 72.00  0.00 81.00  0.00 82.00  0.00 206.33 
4  72.00  0.00 73.00  0.00 74.00  0.00 75.00  0.00 101.98 
4  72.00  0.00 73.00  0.00 75.00  0.00 76.00  0.00 73.20 
4  72.00  0.00 73.00  0.00 76.00  0.00 77.00  0.00 76.23 
4  72.00  0.00 73.00  0.00 77.00  0.00 78.00  0.00 144.69 
4  72.00  0.00 73.00  0.00 78.00  0.00 79.00  0.00 24.37 
4  72.00  0.00 73.00  0.00 79.00  0.00 80.00  0.00 133.74 
4  72.00  0.00 73.00  0.00 80.00  0.00 81.00  0.00 86.40 
4  72.00  0.00 73.00  0.00 81.00  0.00 82.00  0.00 300.08 
4  72.00  0.00 73.00  0.00 82.00  0.00 83.00  0.00 1177.50 
4  73.00  0.00 74.00  0.00 75.00  0.00 76.00  0.00 125.51 
4  73.00  0.00 74.00  0.00 76.00  0.00 77.00  0.00 76.92 
4  73.00  0.00 74.00  0.00 77.00  0.00 78.00  0.00 82.68 
4  73.00  0.00 74.00  0.00 78.00  0.00 79.00  0.00 82.51 
4  73.00  0.00 74.00  0.00 79.00  0.00 80.00  0.00 113.26 
4  73.00  0.00 74.00  0.00 80.00  0.00 81.00  0.00 133.82 
4  73.00  0.00 74.00  0.00 81.00  0.00 82.00  0.00 63.12 
4  73.00  0.00 74.00  0.00 82.00  0.00 83.00  0.00 95.98 
4  74.00  0.00 75.00  0.00 76.00  0.00 77.00  0.00 116.17 
4  74.00  0.00 75.00  0.00 77.00  0.00 78.00  0.00 95.58 
4  74.00  0.00 75.00  0.00 78.00  0.00 79.00  0.00 68.91 
4  74.00  0.00 75.00  0.00 79.00  0.00 80.00  0.00 97.82 
4  74.00  0.00 75.00  0.00 80.00  0.00 81.00  0.00 91.39 
4  74.00  0.00 75.00  0.00 81.00  0.00 82.00  0.00 70.88 
4  74.00  0.00 75.00  0.00 82.00  0.00 83.00  0.00 88.07 
4  75.00  0.00 76.00  0.00 77.00  0.00 78.00  0.00 122.72 
4  75.00  0.00 76.00  0.00 78.00  0.00 79.00  0.00 87.88 
4  75.00  0.00 76.00  0.00 79.00  0.00 80.00  0.00 92.81 
4  75.00  0.00 76.00  0.00 80.00  0.00 81.00  0.00 97.62 
4  75.00  0.00 76.00  0.00 81.00  0.00 82.00  0.00 110.76 
4  75.00  0.00 76.00  0.00 82.00  0.00 83.00  0.00 90.27 
4  76.00  0.00 77.00  0.00 78.00  0.00 79.00  0.00 131.59 
4  76.00  0.00 77.00  0.00 79.00  0.00 80.00  0.00 119.88 
4  76.00  0.00 77.00  0.00 80.00  0.00 81.00  0.00 98.04 
4  76.00  0.00 77.00  0.00 81.00  0.00 82.00  0.00 94.40 
4  76.00  0.00 77.00  0.00 82.00  0.00 83.00  0.00 83.16 
4  77.00  0.00 78.00  0.00 79.00  0.00 80.00  0.00 117.83 
4  77.00  0.00 78.00  0.00 80.00  0.00 81.00  0.00 139.22 
4  77.00  0.00 78.00  0.00 81.00  0.00 82.00  0.00 19.31 
4  77.00  0.00 78.00  0.00 82.00  0.00 83.00  0.00 290.32 
4  78.00  0.00 79.00  0.00 80.00  0.00 81.00  0.00 97.09 
4  78.00  0.00 79.00  0.00 81.00  0.00 82.00  0.00 180.41 
4  78.00  0.00 79.00  0.00 82.00  0.00 83.00  0.00 18.40 
4  79.00  0.00 80.00  0.00 81.00  0.00 82.00  0.00 119.21 
4  79.00  0.00 80.00  0.00 82.00  0.00 83.00  0.00 106.08 
4  80.00  0.00 81.00  0.00 82.00  0.00 83.00  0.00 120.40 
4  73.00  0.00 74.00  0.00 83.00  0.00 84.00  0.00 53.15 
4  74.00  0.00 75.00  0.00 83.00  0.00 84.00  0.00 68.50 
4  74.00  0.00 75.00  0.00 84.00  0.00 85.00  0.00 59.34 
4  75.00  0.00 76.00  0.00 83.00  0.00 84.00  0.00 82.32 
4  75.00  0.00 76.00  0.00 84.00  0.00 85.00  0.00 73.23 
4  75.00  0.00 76.00  0.00 85.00  0.00 86.00  0.00 100.02 
4  76.00  0.00 77.00  0.00 83.00  0.00 84.00  0.00 93.71 
4  76.00  0.00 77.00  0.00 84.00  0.00 85.00  0.00 71.15 
4  76.00  0.00 77.00  0.00 85.00  0.00 86.00  0.00 84.62 
4  76.00  0.00 77.00  0.00 86.00  0.00 87.00  0.00 64.04 
4  77.00  0.00 78.00  0.00 83.00  0.00 84.00  0.00 86.31 
4  77.00  0.00 78.00  0.00 84.00  0.00 85.00  0.00 79.11 
4  77.00  0.00 78.00  0.00 85.00  0.00 86.00  0.00 88.27 
4  77.00  0.00 78.00  0.00 86.00  0.00 87.00  0.00 92.86 
4  77.00  0.00 78.00  0.00 87.00  0.00 88.00  0.00 90.27 
4  78.00  0.00 79.00  0.00 83.00  0.00 84.00  0.00 85.61 
4  78.00  0.00 79.00  0.00 84.00  0.00 85.00  0.00 83.06 
4  78.00  0.00 79.00  0.00 85.00  0.00 86.00  0.00 91.72 
4  78.00  0.00 79.00  0.00 86.00  0.00 87.00  0.00 97.56 
4  78.00  0.00 79.00  0.00 87.00  0.00 88.00  0.00 94.73 
4  78.00  0.00 79.00  0.00 88.00  0.00 89.00  0.00 72.76 
4  79.00  0.00 80.00  0.00 83.00  0.00 84.00  0.00 96.94 
4  79.00  0.00 80.00  0.00 84.00  0.00 85.00  0.00 90.75 
4  79.00  0.00 80.00  0.00 85.00  0.00 86.00  0.00 89.47 
4  79.00  0.00 80.00  0.00 86.00  0.00 87.00  0.00 93.51 
4  79.00  0.00 80.00  0.00 87.00  0.00 88.00  0.00 87.26 
4  79.00  0.00 80.00  0.00 88.00  0.00 89.00  0.00 91.92 
4  79.00  0.00 80.00  0.00 89.00  0.00 90.00  0.00 98.60 
4  80.00  0.00 81.00  0.00 83.00  0.00 84.00  0.00 103.73 
4  80.00  0.00 81.00  0.00 84.00  0.00 85.00  0.00 96.56 
4  80.00  0.00 81.00  0.00 85.00  0.00 86.00  0.00 98.68 
4  80.00  0.00 81.00  0.00 86.00  0.00 87.00  0.00 95.98 
4  80.00  0.00 81.00  0.00 87.00  0.00 88.00  0.00 94.59 
4  80.00  0.00 81.00  0.00 88.00  0.00 89.00  0.00 103.64 
4  80.00  0.00 81.00  0.00 89.00  0.00 90.00  0.00 107.38 
4  80.00  0.00 81.00  0.00 90.00  0.00 91.00  0.00 89.96 
4  81.00  0.00 82.00  0.00 83.00  0.00 84.00  0.00 114.29 
4  81.00  0.00 82.00  0.00 84.00  0.00 85.00  0.00 95.87 
4  81.00  0.00 82.00  0.00 85.00  0.00 86.00  0.00 98.73 
4  81.00  0.00 82.00  0.00 86.00  0.00 87.00  0.00 94.87 
4  81.00  0.00 82.00  0.00 87.00  0.00 88.00  0.00 93.59 
4  81.00  0.00 82.00  0.00 88.00  0.00 89.00  0.00 97.87 
4  81.00  0.00 82.00  0.00 89.00  0.00 90.00  0.00 103.73 
4  81.00  0.00 82.00  0.00 90.00  0.00 91.00  0.00 82.09 
4  81.00  0.00 82.00  0.00 91.00  0.00 92.00  0.00 74.68 
4  82.00  0.00 83.00  0.00 84.00  0.00 85.00  0.00 95.49 
4  82.00  0.00 83.00  0.00 85.00  0.00 86.00  0.00 91.48 
4  82.00  0.00 83.00  0.00 86.00  0.00 87.00  0.00 90.85 
4  82.00  0.00 83.00  0.00 87.00  0.00 88.00  0.00 88.66 
4  82.00  0.00 83.00  0.00 88.00  0.00 89.00  0.00 96.24 
4  82.00  0.00 83.00  0.00 89.00  0.00 90.00  0.00 96.44 
4  82.00  0.00 83.00  0.00 90.00  0.00 91.00  0.00 60.71 
4  82.00  0.00 83.00  0.00 91.00  0.00 92.00  0.00 61.57 
4  82.00  0.00 83.00  0.00 92.00  0.00 93.00  0.00 43.70 
4  83.00  0.00 84.00  0.00 85.00  0.00 86.00  0.00 96.20 
4  83.00  0.00 84.00  0.00 86.00  0.00 87.00  0.00 93.66 
4  83.00  0.00 84.00  0.00 87.00  0.00 88.00  0.00 93.12 
4  83.00  0.00 84.00  0.00 88.00  0.00 89.00  0.00 98.37 
4  83.00  0.00 84.00  0.00 89.00  0.00 90.00  0.00 12.45 
4  83.00  0.00 84.00  0.00 90.00  0.00 91.00  0.00 229.08 
4  83.00  0.00 84.00  0.00 91.00  0.00 92.00  0.00 75.28 
4  83.00  0.00 84.00  0.00 92.00  0.00 93.00  0.00 56.10 
4  83.00  0.00 84.00  0.00 93.00  0.00 94.00  0.00 61.83 
4  84.00  0.00 85.00  0.00 86.00  0.00 87.00  0.00 95.03 
4  84.00  0.00 85.00  0.00 87.00  0.00 88.00  0.00 97.25 
4  84.00  0.00 85.00  0.00 88.00  0.00 89.00  0.00 103.95 
4  84.00  0.00 85.00  0.00 89.00  0.00 90.00  0.00 104.82 
4  84.00  0.00 85.00  0.00 90.00  0.00 91.00  0.00 96.70 
4  84.00  0.00 85.00  0.00 91.00  0.00 92.00  0.00 76.50 
4  84.00  0.00 85.00  0.00 92.00  0.00 93.00  0.00 68.26 
4  84.00  0.00 85.00  0.00 93.00  0.00 94.00  0.00 76.32 
4  84.00  0.00 85.00  0.00 94.00  0.00 95.00  0.00 167.36 
4  85.00  0.00 86.00  0.00 87.00  0.00 88.00  0.00 119.37 
4  85.00  0.00 86.00  0.00 88.00  0.00 89.00  0.00 119.57 
4  85.00  0.00 86.00  0.00 89.00  0.00 90.00  0.00 126.93 
4  85.00  0.00 86.00  0.00 90.00  0.00 91.00  0.00 100.62 
4  85.00  0.00 86.00  0.00 91.00  0.00 92.00  0.00 89.87 
4  85.00  0.00 86.00  0.00 92.00  0.00 93.00  0.00 76.42 
4  85.00  0.00 86.00  0.00 93.00  0.00 94.00  0.00 88.24 
4  85.00  0.00 86.00  0.00 94.00  0.00 95.00  0.00 106.76 
4  86.00  0.00 87.00  0.00 88.00  0.00 89.00  0.00 125.37 
4  86.00  0.00 87.00  0.00 89.00  0.00 90.00  0.00 125.88 
4  86.00  0.00 87.00  0.00 90.00  0.00 91.00  0.00 100.93 
4  86.00  0.00 87.00  0.00 91.00  0.00 92.00  0.00 86.10 
4  86.00  0.00 87.00  0.00 92.00  0.00 93.00  0.00 74.99 
4  86.00  0.00 87.00  0.00 93.00  0.00 94.00  0.00 79.10 
4  86.00  0.00 87.00  0.00 94.00  0.00 95.00  0.00 93.21 
4  87.00  0.00 88.00  0.00 89.00  0.00 90.00  0.00 140.01 
4  87.00  0.00 88.00  0.00 90.00  0.00 91.00  0.00 114.25 
4  87.00  0.00 88.00  0.00 91.00  0.00 92.00  0.00 95.57 
4  87.00  0.00 88.00  0.00 92.00  0.00 93.00  0.00 79.11 
4  87.00  0.00 88.00  0.00 93.00  0.00 94.00  0.00 84.83 
4  87.00  0.00 88.00  0.00 94.00  0.00 95.00  0.00 89.44 
4  88.00  0.00 89.00  0.00 90.00  0.00 91.00  0.00 131.29 
4  88.00  0.00 89.00  0.00 91.00  0.00 92.00  0.00 111.91 
4  88.00  0.00 89.00  0.00 92.00  0.00 93.00  0.00 90.66 
4  88.00  0.00 89.00  0.00 93.00  0.00 94.00  0.00 91.79 
4  88.00  0.00 89.00  0.00 94.00  0.00 95.00  0.00 92.15 
4  89.00  0.00 90.00  0.00 91.00  0.00 92.00  0.00 147.86 
4  89.00  0.00 90.00  0.00 92.00  0.00 93.00  0.00 117.00 
4  89.00  0.00 90.00  0.00 93.00  0.00 94.00  0.00 108.45 
4  89.00  0.00 90.00  0.00 94.00  0.00 95.00  0.00 10.73 
4  90.00  0.00 91.00  0.00 92.00  0.00 93.00  0.00 124.13 
4  90.00  0.00 91.00  0.00 93.00  0.00 94.00  0.00 117.70 
4  90.00  0.00 91.00  0.00 94.00  0.00 95.00  0.00 156.38 
4  91.00  0.00 92.00  0.00 93.00  0.00 94.00  0.00 128.00 
4  91.00  0.00 92.00  0.00 94.00  0.00 95.00  0.00 121.93 
4  92.00  0.00 93.00  0.00 94.00  0.00 95.00  0.00 122.34 
0
0
0
0
