My beautiful survey
1.0
11
0
Type of measurement (0=app. resistivity,1=resistance)
1
153
2
0
4 0.00 0.00 1.00 0.00 2.00 0.00 3.00 0.00 -6.61
4 0.00 0.00 1.00 0.00 3.00 0.00 4.00 0.00 -1.00
4 1.00 0.00 2.00 0.00 3.00 0.00 4.00 0.00 -6.38
4 0.00 0.00 1.00 0.00 4.00 0.00 5.00 0.00 -0.33
4 1.00 0.00 2.00 0.00 4.00 0.00 5.00 0.00 -0.99
4 2.00 0.00 3.00 0.00 4.00 0.00 5.00 0.00 -6.21
4 0.00 0.00 1.00 0.00 5.00 0.00 6.00 0.00 -0.14
4 1.00 0.00 2.00 0.00 5.00 0.00 6.00 0.00 -0.30
4 2.00 0.00 3.00 0.00 5.00 0.00 6.00 0.00 -1.00
4 3.00 0.00 4.00 0.00 5.00 0.00 6.00 0.00 -6.57
4 0.00 0.00 1.00 0.00 6.00 0.00 7.00 0.00 -0.07
4 1.00 0.00 2.00 0.00 6.00 0.00 7.00 0.00 -0.10
4 2.00 0.00 3.00 0.00 6.00 0.00 7.00 0.00 -0.25
4 3.00 0.00 4.00 0.00 6.00 0.00 7.00 0.00 -0.81
4 4.00 0.00 5.00 0.00 6.00 0.00 7.00 0.00 -8.13
4 0.00 0.00 1.00 0.00 7.00 0.00 8.00 0.00 -0.05
4 1.00 0.00 2.00 0.00 7.00 0.00 8.00 0.00 -0.05
4 2.00 0.00 3.00 0.00 7.00 0.00 8.00 0.00 -0.15
4 3.00 0.00 4.00 0.00 7.00 0.00 8.00 0.00 -0.30
4 4.00 0.00 5.00 0.00 7.00 0.00 8.00 0.00 -1.15
4 5.00 0.00 6.00 0.00 7.00 0.00 8.00 0.00 -10.76
4 0.00 0.00 1.00 0.00 8.00 0.00 9.00 0.00 -0.04
4 1.00 0.00 2.00 0.00 8.00 0.00 9.00 0.00 -0.05
4 2.00 0.00 3.00 0.00 8.00 0.00 9.00 0.00 -0.06
4 3.00 0.00 4.00 0.00 8.00 0.00 9.00 0.00 -0.13
4 4.00 0.00 5.00 0.00 8.00 0.00 9.00 0.00 -0.30
4 5.00 0.00 6.00 0.00 8.00 0.00 9.00 0.00 -1.13
4 6.00 0.00 7.00 0.00 8.00 0.00 9.00 0.00 -7.13
4 0.00 0.00 1.00 0.00 9.00 0.00 10.00 0.00 -0.03
4 1.00 0.00 2.00 0.00 9.00 0.00 10.00 0.00 -0.03
4 2.00 0.00 3.00 0.00 9.00 0.00 10.00 0.00 -0.06
4 3.00 0.00 4.00 0.00 9.00 0.00 10.00 0.00 -0.08
4 4.00 0.00 5.00 0.00 9.00 0.00 10.00 0.00 -0.14
4 5.00 0.00 6.00 0.00 9.00 0.00 10.00 0.00 -0.32
4 6.00 0.00 7.00 0.00 9.00 0.00 10.00 0.00 -0.99
4 7.00 0.00 8.00 0.00 9.00 0.00 10.00 0.00 -7.50
4 0.00 0.00 1.00 0.00 10.00 0.00 11.00 0.00 -0.02
4 1.00 0.00 2.00 0.00 10.00 0.00 11.00 0.00 -0.02
4 2.00 0.00 3.00 0.00 10.00 0.00 11.00 0.00 -0.03
4 3.00 0.00 4.00 0.00 10.00 0.00 11.00 0.00 -0.05
4 4.00 0.00 5.00 0.00 10.00 0.00 11.00 0.00 -0.08
4 5.00 0.00 6.00 0.00 10.00 0.00 11.00 0.00 -0.14
4 6.00 0.00 7.00 0.00 10.00 0.00 11.00 0.00 -0.27
4 7.00 0.00 8.00 0.00 10.00 0.00 11.00 0.00 -0.97
4 8.00 0.00 9.00 0.00 10.00 0.00 11.00 0.00 -6.11
4 1.00 0.00 2.00 0.00 11.00 0.00 12.00 0.00 -0.02
4 2.00 0.00 3.00 0.00 11.00 0.00 12.00 0.00 -0.05
4 3.00 0.00 4.00 0.00 11.00 0.00 12.00 0.00 -0.04
4 4.00 0.00 5.00 0.00 11.00 0.00 12.00 0.00 -0.05
4 5.00 0.00 6.00 0.00 11.00 0.00 12.00 0.00 -0.08
4 6.00 0.00 7.00 0.00 11.00 0.00 12.00 0.00 -0.11
4 7.00 0.00 8.00 0.00 11.00 0.00 12.00 0.00 -0.27
4 8.00 0.00 9.00 0.00 11.00 0.00 12.00 0.00 -0.82
4 9.00 0.00 10.00 0.00 11.00 0.00 12.00 0.00 -5.58
4 2.00 0.00 3.00 0.00 12.00 0.00 13.00 0.00 -0.02
4 3.00 0.00 4.00 0.00 12.00 0.00 13.00 0.00 -0.03
4 4.00 0.00 5.00 0.00 12.00 0.00 13.00 0.00 -0.04
4 5.00 0.00 6.00 0.00 12.00 0.00 13.00 0.00 -0.05
4 6.00 0.00 7.00 0.00 12.00 0.00 13.00 0.00 -0.06
4 7.00 0.00 8.00 0.00 12.00 0.00 13.00 0.00 -0.13
4 8.00 0.00 9.00 0.00 12.00 0.00 13.00 0.00 -0.25
4 9.00 0.00 10.00 0.00 12.00 0.00 13.00 0.00 -0.80
4 10.00 0.00 11.00 0.00 12.00 0.00 13.00 0.00 -4.31
4 3.00 0.00 4.00 0.00 13.00 0.00 14.00 0.00 -0.01
4 4.00 0.00 5.00 0.00 13.00 0.00 14.00 0.00 -0.02
4 5.00 0.00 6.00 0.00 13.00 0.00 14.00 0.00 -0.04
4 6.00 0.00 7.00 0.00 13.00 0.00 14.00 0.00 -0.04
4 7.00 0.00 8.00 0.00 13.00 0.00 14.00 0.00 -0.07
4 8.00 0.00 9.00 0.00 13.00 0.00 14.00 0.00 -0.12
4 9.00 0.00 10.00 0.00 13.00 0.00 14.00 0.00 -0.29
4 10.00 0.00 11.00 0.00 13.00 0.00 14.00 0.00 -0.78
4 11.00 0.00 12.00 0.00 13.00 0.00 14.00 0.00 -4.22
4 4.00 0.00 5.00 0.00 14.00 0.00 15.00 0.00 -0.02
4 5.00 0.00 6.00 0.00 14.00 0.00 15.00 0.00 -0.03
4 6.00 0.00 7.00 0.00 14.00 0.00 15.00 0.00 -0.03
4 7.00 0.00 8.00 0.00 14.00 0.00 15.00 0.00 -0.05
4 8.00 0.00 9.00 0.00 14.00 0.00 15.00 0.00 -0.07
4 9.00 0.00 10.00 0.00 14.00 0.00 15.00 0.00 -0.14
4 10.00 0.00 11.00 0.00 14.00 0.00 15.00 0.00 -0.27
4 11.00 0.00 12.00 0.00 14.00 0.00 15.00 0.00 -0.72
4 12.00 0.00 13.00 0.00 14.00 0.00 15.00 0.00 -3.93
4 5.00 0.00 6.00 0.00 15.00 0.00 16.00 0.00 -0.02
4 6.00 0.00 7.00 0.00 15.00 0.00 16.00 0.00 -0.03
4 7.00 0.00 8.00 0.00 15.00 0.00 16.00 0.00 -0.04
4 8.00 0.00 9.00 0.00 15.00 0.00 16.00 0.00 -0.05
4 9.00 0.00 10.00 0.00 15.00 0.00 16.00 0.00 -0.08
4 10.00 0.00 11.00 0.00 15.00 0.00 16.00 0.00 -0.13
4 11.00 0.00 12.00 0.00 15.00 0.00 16.00 0.00 -0.26
4 12.00 0.00 13.00 0.00 15.00 0.00 16.00 0.00 -0.74
4 13.00 0.00 14.00 0.00 15.00 0.00 16.00 0.00 -4.25
4 6.00 0.00 7.00 0.00 16.00 0.00 17.00 0.00 -0.01
4 7.00 0.00 8.00 0.00 16.00 0.00 17.00 0.00 -0.03
4 8.00 0.00 9.00 0.00 16.00 0.00 17.00 0.00 -0.03
4 9.00 0.00 10.00 0.00 16.00 0.00 17.00 0.00 -0.05
4 10.00 0.00 11.00 0.00 16.00 0.00 17.00 0.00 -0.08
4 11.00 0.00 12.00 0.00 16.00 0.00 17.00 0.00 -0.14
4 12.00 0.00 13.00 0.00 16.00 0.00 17.00 0.00 -0.26
4 13.00 0.00 14.00 0.00 16.00 0.00 17.00 0.00 -0.73
4 14.00 0.00 15.00 0.00 16.00 0.00 17.00 0.00 -4.34
4 7.00 0.00 8.00 0.00 17.00 0.00 18.00 0.00 -0.02
4 8.00 0.00 9.00 0.00 17.00 0.00 18.00 0.00 -0.02
4 9.00 0.00 10.00 0.00 17.00 0.00 18.00 0.00 -0.04
4 10.00 0.00 11.00 0.00 17.00 0.00 18.00 0.00 -0.06
4 11.00 0.00 12.00 0.00 17.00 0.00 18.00 0.00 -0.08
4 12.00 0.00 13.00 0.00 17.00 0.00 18.00 0.00 -0.13
4 13.00 0.00 14.00 0.00 17.00 0.00 18.00 0.00 -0.27
4 14.00 0.00 15.00 0.00 17.00 0.00 18.00 0.00 -0.71
4 15.00 0.00 16.00 0.00 17.00 0.00 18.00 0.00 -4.07
4 8.00 0.00 9.00 0.00 18.00 0.00 19.00 0.00 -0.02
4 9.00 0.00 10.00 0.00 18.00 0.00 19.00 0.00 -0.03
4 10.00 0.00 11.00 0.00 18.00 0.00 19.00 0.00 -0.04
4 11.00 0.00 12.00 0.00 18.00 0.00 19.00 0.00 -0.06
4 12.00 0.00 13.00 0.00 18.00 0.00 19.00 0.00 -0.09
4 13.00 0.00 14.00 0.00 18.00 0.00 19.00 0.00 -0.14
4 14.00 0.00 15.00 0.00 18.00 0.00 19.00 0.00 -0.27
4 15.00 0.00 16.00 0.00 18.00 0.00 19.00 0.00 -0.73
4 16.00 0.00 17.00 0.00 18.00 0.00 19.00 0.00 -4.52
4 9.00 0.00 10.00 0.00 19.00 0.00 20.00 0.00 -0.02
4 10.00 0.00 11.00 0.00 19.00 0.00 20.00 0.00 -0.02
4 11.00 0.00 12.00 0.00 19.00 0.00 20.00 0.00 -0.04
4 12.00 0.00 13.00 0.00 19.00 0.00 20.00 0.00 -0.05
4 13.00 0.00 14.00 0.00 19.00 0.00 20.00 0.00 -0.08
4 14.00 0.00 15.00 0.00 19.00 0.00 20.00 0.00 -0.14
4 15.00 0.00 16.00 0.00 19.00 0.00 20.00 0.00 -0.27
4 16.00 0.00 17.00 0.00 19.00 0.00 20.00 0.00 -0.79
4 17.00 0.00 18.00 0.00 19.00 0.00 20.00 0.00 -4.38
4 10.00 0.00 11.00 0.00 20.00 0.00 21.00 0.00 -0.02
4 11.00 0.00 12.00 0.00 20.00 0.00 21.00 0.00 -0.03
4 12.00 0.00 13.00 0.00 20.00 0.00 21.00 0.00 -0.03
4 13.00 0.00 14.00 0.00 20.00 0.00 21.00 0.00 -0.05
4 14.00 0.00 15.00 0.00 20.00 0.00 21.00 0.00 -0.07
4 15.00 0.00 16.00 0.00 20.00 0.00 21.00 0.00 -0.13
4 16.00 0.00 17.00 0.00 20.00 0.00 21.00 0.00 -0.27
4 17.00 0.00 18.00 0.00 20.00 0.00 21.00 0.00 -0.77
4 18.00 0.00 19.00 0.00 20.00 0.00 21.00 0.00 -4.32
4 11.00 0.00 12.00 0.00 21.00 0.00 22.00 0.00 -0.02
4 12.00 0.00 13.00 0.00 21.00 0.00 22.00 0.00 -0.02
4 13.00 0.00 14.00 0.00 21.00 0.00 22.00 0.00 -0.03
4 14.00 0.00 15.00 0.00 21.00 0.00 22.00 0.00 -0.05
4 15.00 0.00 16.00 0.00 21.00 0.00 22.00 0.00 -0.06
4 16.00 0.00 17.00 0.00 21.00 0.00 22.00 0.00 -0.11
4 17.00 0.00 18.00 0.00 21.00 0.00 22.00 0.00 -0.23
4 18.00 0.00 19.00 0.00 21.00 0.00 22.00 0.00 -0.66
4 19.00 0.00 20.00 0.00 21.00 0.00 22.00 0.00 -3.58
4 12.00 0.00 13.00 0.00 22.00 0.00 23.00 0.00 -0.02
4 13.00 0.00 14.00 0.00 22.00 0.00 23.00 0.00 -0.02
4 14.00 0.00 15.00 0.00 22.00 0.00 23.00 0.00 -0.03
4 15.00 0.00 16.00 0.00 22.00 0.00 23.00 0.00 -0.05
4 16.00 0.00 17.00 0.00 22.00 0.00 23.00 0.00 -0.07
4 17.00 0.00 18.00 0.00 22.00 0.00 23.00 0.00 -0.12
4 18.00 0.00 19.00 0.00 22.00 0.00 23.00 0.00 -0.24
4 19.00 0.00 20.00 0.00 22.00 0.00 23.00 0.00 -0.61
4 20.00 0.00 21.00 0.00 22.00 0.00 23.00 0.00 -3.74
0
0
0
0