My beautiful survey
1.0
11
0
Type of measurement (0=app. resistivity,1=resistance)
1
153
2
0
4 0.00 0.00 1.00 0.00 2.00 0.00 3.00 0.00 -7.14
4 0.00 0.00 1.00 0.00 3.00 0.00 4.00 0.00 -1.06
4 1.00 0.00 2.00 0.00 3.00 0.00 4.00 0.00 -6.53
4 0.00 0.00 1.00 0.00 4.00 0.00 5.00 0.00 -0.25
4 1.00 0.00 2.00 0.00 4.00 0.00 5.00 0.00 -1.09
4 2.00 0.00 3.00 0.00 4.00 0.00 5.00 0.00 -6.64
4 0.00 0.00 1.00 0.00 5.00 0.00 6.00 0.00 -0.07
4 1.00 0.00 2.00 0.00 5.00 0.00 6.00 0.00 -0.26
4 2.00 0.00 3.00 0.00 5.00 0.00 6.00 0.00 -1.11
4 3.00 0.00 4.00 0.00 5.00 0.00 6.00 0.00 -6.34
4 0.00 0.00 1.00 0.00 6.00 0.00 7.00 0.00 -0.04
4 1.00 0.00 2.00 0.00 6.00 0.00 7.00 0.00 -0.08
4 2.00 0.00 3.00 0.00 6.00 0.00 7.00 0.00 -0.26
4 3.00 0.00 4.00 0.00 6.00 0.00 7.00 0.00 -1.01
4 4.00 0.00 5.00 0.00 6.00 0.00 7.00 0.00 -6.05
4 0.00 0.00 1.00 0.00 7.00 0.00 8.00 0.00 -0.03
4 1.00 0.00 2.00 0.00 7.00 0.00 8.00 0.00 -0.05
4 2.00 0.00 3.00 0.00 7.00 0.00 8.00 0.00 -0.10
4 3.00 0.00 4.00 0.00 7.00 0.00 8.00 0.00 -0.27
4 4.00 0.00 5.00 0.00 7.00 0.00 8.00 0.00 -1.08
4 5.00 0.00 6.00 0.00 7.00 0.00 8.00 0.00 -6.32
4 0.00 0.00 1.00 0.00 8.00 0.00 9.00 0.00 -0.02
4 1.00 0.00 2.00 0.00 8.00 0.00 9.00 0.00 -0.02
4 2.00 0.00 3.00 0.00 8.00 0.00 9.00 0.00 -0.05
4 3.00 0.00 4.00 0.00 8.00 0.00 9.00 0.00 -0.09
4 4.00 0.00 5.00 0.00 8.00 0.00 9.00 0.00 -0.24
4 5.00 0.00 6.00 0.00 8.00 0.00 9.00 0.00 -0.93
4 6.00 0.00 7.00 0.00 8.00 0.00 9.00 0.00 -6.29
4 0.00 0.00 1.00 0.00 9.00 0.00 10.00 0.00 -0.01
4 1.00 0.00 2.00 0.00 9.00 0.00 10.00 0.00 -0.02
4 2.00 0.00 3.00 0.00 9.00 0.00 10.00 0.00 -0.03
4 3.00 0.00 4.00 0.00 9.00 0.00 10.00 0.00 -0.05
4 4.00 0.00 5.00 0.00 9.00 0.00 10.00 0.00 -0.09
4 5.00 0.00 6.00 0.00 9.00 0.00 10.00 0.00 -0.23
4 6.00 0.00 7.00 0.00 9.00 0.00 10.00 0.00 -0.89
4 7.00 0.00 8.00 0.00 9.00 0.00 10.00 0.00 -6.60
4 0.00 0.00 1.00 0.00 10.00 0.00 11.00 0.00 -0.00
4 1.00 0.00 2.00 0.00 10.00 0.00 11.00 0.00 -0.02
4 2.00 0.00 3.00 0.00 10.00 0.00 11.00 0.00 -0.03
4 3.00 0.00 4.00 0.00 10.00 0.00 11.00 0.00 -0.04
4 4.00 0.00 5.00 0.00 10.00 0.00 11.00 0.00 -0.05
4 5.00 0.00 6.00 0.00 10.00 0.00 11.00 0.00 -0.10
4 6.00 0.00 7.00 0.00 10.00 0.00 11.00 0.00 -0.24
4 7.00 0.00 8.00 0.00 10.00 0.00 11.00 0.00 -1.00
4 8.00 0.00 9.00 0.00 10.00 0.00 11.00 0.00 -6.69
4 1.00 0.00 2.00 0.00 11.00 0.00 12.00 0.00 -0.01
4 2.00 0.00 3.00 0.00 11.00 0.00 12.00 0.00 -0.01
4 3.00 0.00 4.00 0.00 11.00 0.00 12.00 0.00 -0.02
4 4.00 0.00 5.00 0.00 11.00 0.00 12.00 0.00 -0.03
4 5.00 0.00 6.00 0.00 11.00 0.00 12.00 0.00 -0.05
4 6.00 0.00 7.00 0.00 11.00 0.00 12.00 0.00 -0.10
4 7.00 0.00 8.00 0.00 11.00 0.00 12.00 0.00 -0.27
4 8.00 0.00 9.00 0.00 11.00 0.00 12.00 0.00 -0.96
4 9.00 0.00 10.00 0.00 11.00 0.00 12.00 0.00 -6.18
4 2.00 0.00 3.00 0.00 12.00 0.00 13.00 0.00 -0.01
4 3.00 0.00 4.00 0.00 12.00 0.00 13.00 0.00 -0.02
4 4.00 0.00 5.00 0.00 12.00 0.00 13.00 0.00 -0.02
4 5.00 0.00 6.00 0.00 12.00 0.00 13.00 0.00 -0.03
4 6.00 0.00 7.00 0.00 12.00 0.00 13.00 0.00 -0.06
4 7.00 0.00 8.00 0.00 12.00 0.00 13.00 0.00 -0.12
4 8.00 0.00 9.00 0.00 12.00 0.00 13.00 0.00 -0.26
4 9.00 0.00 10.00 0.00 12.00 0.00 13.00 0.00 -0.89
4 10.00 0.00 11.00 0.00 12.00 0.00 13.00 0.00 -5.59
4 3.00 0.00 4.00 0.00 13.00 0.00 14.00 0.00 -0.01
4 4.00 0.00 5.00 0.00 13.00 0.00 14.00 0.00 -0.02
4 5.00 0.00 6.00 0.00 13.00 0.00 14.00 0.00 -0.02
4 6.00 0.00 7.00 0.00 13.00 0.00 14.00 0.00 -0.03
4 7.00 0.00 8.00 0.00 13.00 0.00 14.00 0.00 -0.06
4 8.00 0.00 9.00 0.00 13.00 0.00 14.00 0.00 -0.11
4 9.00 0.00 10.00 0.00 13.00 0.00 14.00 0.00 -0.24
4 10.00 0.00 11.00 0.00 13.00 0.00 14.00 0.00 -0.76
4 11.00 0.00 12.00 0.00 13.00 0.00 14.00 0.00 -4.81
4 4.00 0.00 5.00 0.00 14.00 0.00 15.00 0.00 -0.01
4 5.00 0.00 6.00 0.00 14.00 0.00 15.00 0.00 -0.02
4 6.00 0.00 7.00 0.00 14.00 0.00 15.00 0.00 -0.02
4 7.00 0.00 8.00 0.00 14.00 0.00 15.00 0.00 -0.05
4 8.00 0.00 9.00 0.00 14.00 0.00 15.00 0.00 -0.07
4 9.00 0.00 10.00 0.00 14.00 0.00 15.00 0.00 -0.13
4 10.00 0.00 11.00 0.00 14.00 0.00 15.00 0.00 -0.30
4 11.00 0.00 12.00 0.00 14.00 0.00 15.00 0.00 -0.87
4 12.00 0.00 13.00 0.00 14.00 0.00 15.00 0.00 -4.84
4 5.00 0.00 6.00 0.00 15.00 0.00 16.00 0.00 -0.02
4 6.00 0.00 7.00 0.00 15.00 0.00 16.00 0.00 -0.02
4 7.00 0.00 8.00 0.00 15.00 0.00 16.00 0.00 -0.03
4 8.00 0.00 9.00 0.00 15.00 0.00 16.00 0.00 -0.04
4 9.00 0.00 10.00 0.00 15.00 0.00 16.00 0.00 -0.08
4 10.00 0.00 11.00 0.00 15.00 0.00 16.00 0.00 -0.15
4 11.00 0.00 12.00 0.00 15.00 0.00 16.00 0.00 -0.34
4 12.00 0.00 13.00 0.00 15.00 0.00 16.00 0.00 -0.97
4 13.00 0.00 14.00 0.00 15.00 0.00 16.00 0.00 -5.15
4 6.00 0.00 7.00 0.00 16.00 0.00 17.00 0.00 -0.01
4 7.00 0.00 8.00 0.00 16.00 0.00 17.00 0.00 -0.01
4 8.00 0.00 9.00 0.00 16.00 0.00 17.00 0.00 -0.03
4 9.00 0.00 10.00 0.00 16.00 0.00 17.00 0.00 -0.05
4 10.00 0.00 11.00 0.00 16.00 0.00 17.00 0.00 -0.08
4 11.00 0.00 12.00 0.00 16.00 0.00 17.00 0.00 -0.15
4 12.00 0.00 13.00 0.00 16.00 0.00 17.00 0.00 -0.32
4 13.00 0.00 14.00 0.00 16.00 0.00 17.00 0.00 -0.91
4 14.00 0.00 15.00 0.00 16.00 0.00 17.00 0.00 -4.97
4 7.00 0.00 8.00 0.00 17.00 0.00 18.00 0.00 -0.01
4 8.00 0.00 9.00 0.00 17.00 0.00 18.00 0.00 -0.02
4 9.00 0.00 10.00 0.00 17.00 0.00 18.00 0.00 -0.03
4 10.00 0.00 11.00 0.00 17.00 0.00 18.00 0.00 -0.05
4 11.00 0.00 12.00 0.00 17.00 0.00 18.00 0.00 -0.08
4 12.00 0.00 13.00 0.00 17.00 0.00 18.00 0.00 -0.16
4 13.00 0.00 14.00 0.00 17.00 0.00 18.00 0.00 -0.35
4 14.00 0.00 15.00 0.00 17.00 0.00 18.00 0.00 -1.09
4 15.00 0.00 16.00 0.00 17.00 0.00 18.00 0.00 -6.62
4 8.00 0.00 9.00 0.00 18.00 0.00 19.00 0.00 -0.02
4 9.00 0.00 10.00 0.00 18.00 0.00 19.00 0.00 -0.02
4 10.00 0.00 11.00 0.00 18.00 0.00 19.00 0.00 -0.03
4 11.00 0.00 12.00 0.00 18.00 0.00 19.00 0.00 -0.05
4 12.00 0.00 13.00 0.00 18.00 0.00 19.00 0.00 -0.10
4 13.00 0.00 14.00 0.00 18.00 0.00 19.00 0.00 -0.17
4 14.00 0.00 15.00 0.00 18.00 0.00 19.00 0.00 -0.39
4 15.00 0.00 16.00 0.00 18.00 0.00 19.00 0.00 -1.26
4 16.00 0.00 17.00 0.00 18.00 0.00 19.00 0.00 -6.68
4 9.00 0.00 10.00 0.00 19.00 0.00 20.00 0.00 -0.01
4 10.00 0.00 11.00 0.00 19.00 0.00 20.00 0.00 -0.01
4 11.00 0.00 12.00 0.00 19.00 0.00 20.00 0.00 -0.04
4 12.00 0.00 13.00 0.00 19.00 0.00 20.00 0.00 -0.06
4 13.00 0.00 14.00 0.00 19.00 0.00 20.00 0.00 -0.09
4 14.00 0.00 15.00 0.00 19.00 0.00 20.00 0.00 -0.19
4 15.00 0.00 16.00 0.00 19.00 0.00 20.00 0.00 -0.45
4 16.00 0.00 17.00 0.00 19.00 0.00 20.00 0.00 -1.19
4 17.00 0.00 18.00 0.00 19.00 0.00 20.00 0.00 -6.81
4 10.00 0.00 11.00 0.00 20.00 0.00 21.00 0.00 -0.01
4 11.00 0.00 12.00 0.00 20.00 0.00 21.00 0.00 -0.03
4 12.00 0.00 13.00 0.00 20.00 0.00 21.00 0.00 -0.04
4 13.00 0.00 14.00 0.00 20.00 0.00 21.00 0.00 -0.06
4 14.00 0.00 15.00 0.00 20.00 0.00 21.00 0.00 -0.11
4 15.00 0.00 16.00 0.00 20.00 0.00 21.00 0.00 -0.23
4 16.00 0.00 17.00 0.00 20.00 0.00 21.00 0.00 -0.45
4 17.00 0.00 18.00 0.00 20.00 0.00 21.00 0.00 -1.33
4 18.00 0.00 19.00 0.00 20.00 0.00 21.00 0.00 -7.62
4 11.00 0.00 12.00 0.00 21.00 0.00 22.00 0.00 -0.02
4 12.00 0.00 13.00 0.00 21.00 0.00 22.00 0.00 -0.02
4 13.00 0.00 14.00 0.00 21.00 0.00 22.00 0.00 -0.04
4 14.00 0.00 15.00 0.00 21.00 0.00 22.00 0.00 -0.07
4 15.00 0.00 16.00 0.00 21.00 0.00 22.00 0.00 -0.13
4 16.00 0.00 17.00 0.00 21.00 0.00 22.00 0.00 -0.20
4 17.00 0.00 18.00 0.00 21.00 0.00 22.00 0.00 -0.44
4 18.00 0.00 19.00 0.00 21.00 0.00 22.00 0.00 -1.26
4 19.00 0.00 20.00 0.00 21.00 0.00 22.00 0.00 -6.62
4 12.00 0.00 13.00 0.00 22.00 0.00 23.00 0.00 -0.02
4 13.00 0.00 14.00 0.00 22.00 0.00 23.00 0.00 -0.03
4 14.00 0.00 15.00 0.00 22.00 0.00 23.00 0.00 -0.05
4 15.00 0.00 16.00 0.00 22.00 0.00 23.00 0.00 -0.08
4 16.00 0.00 17.00 0.00 22.00 0.00 23.00 0.00 -0.12
4 17.00 0.00 18.00 0.00 22.00 0.00 23.00 0.00 -0.22
4 18.00 0.00 19.00 0.00 22.00 0.00 23.00 0.00 -0.46
4 19.00 0.00 20.00 0.00 22.00 0.00 23.00 0.00 -1.27
4 20.00 0.00 21.00 0.00 22.00 0.00 23.00 0.00 -7.41
0
0
0
0