My beautiful survey
1.0
11
0
Type of measurement (0=app. resistivity,1=resistance)
1
117
2
0
4 0.00 0.00 1.00 0.00 2.00 0.00 3.00 0.00 -7.06
4 0.00 0.00 1.00 0.00 3.00 0.00 4.00 0.00 -1.32
4 0.00 0.00 1.00 0.00 4.00 0.00 5.00 0.00 -0.34
4 0.00 0.00 1.00 0.00 5.00 0.00 6.00 0.00 -0.10
4 0.00 0.00 1.00 0.00 6.00 0.00 7.00 0.00 -0.04
4 0.00 0.00 1.00 0.00 7.00 0.00 8.00 0.00 -0.02
4 0.00 0.00 1.00 0.00 8.00 0.00 9.00 0.00 -0.01
4 0.00 0.00 1.00 0.00 9.00 0.00 10.00 0.00 -0.01
4 0.00 0.00 1.00 0.00 10.00 0.00 11.00 0.00 -0.01
4 1.00 0.00 2.00 0.00 3.00 0.00 4.00 0.00 -6.45
4 1.00 0.00 2.00 0.00 4.00 0.00 5.00 0.00 -1.14
4 1.00 0.00 2.00 0.00 5.00 0.00 6.00 0.00 -0.27
4 1.00 0.00 2.00 0.00 6.00 0.00 7.00 0.00 -0.08
4 1.00 0.00 2.00 0.00 7.00 0.00 8.00 0.00 -0.03
4 1.00 0.00 2.00 0.00 8.00 0.00 9.00 0.00 -0.02
4 1.00 0.00 2.00 0.00 9.00 0.00 10.00 0.00 -0.01
4 1.00 0.00 2.00 0.00 10.00 0.00 11.00 0.00 -0.01
4 2.00 0.00 3.00 0.00 4.00 0.00 5.00 0.00 -6.81
4 2.00 0.00 3.00 0.00 5.00 0.00 6.00 0.00 -1.10
4 2.00 0.00 3.00 0.00 6.00 0.00 7.00 0.00 -0.26
4 2.00 0.00 3.00 0.00 7.00 0.00 8.00 0.00 -0.07
4 2.00 0.00 3.00 0.00 8.00 0.00 9.00 0.00 -0.03
4 2.00 0.00 3.00 0.00 9.00 0.00 10.00 0.00 -0.01
4 2.00 0.00 3.00 0.00 10.00 0.00 11.00 0.00 -0.01
4 3.00 0.00 4.00 0.00 5.00 0.00 6.00 0.00 -6.99
4 3.00 0.00 4.00 0.00 6.00 0.00 7.00 0.00 -1.07
4 3.00 0.00 4.00 0.00 7.00 0.00 8.00 0.00 -0.23
4 3.00 0.00 4.00 0.00 8.00 0.00 9.00 0.00 -0.08
4 3.00 0.00 4.00 0.00 9.00 0.00 10.00 0.00 -0.03
4 3.00 0.00 4.00 0.00 10.00 0.00 11.00 0.00 -0.01
4 3.00 0.00 4.00 0.00 13.00 0.00 14.00 0.00 -0.01
4 4.00 0.00 5.00 0.00 6.00 0.00 7.00 0.00 -6.82
4 4.00 0.00 5.00 0.00 7.00 0.00 8.00 0.00 -0.88
4 4.00 0.00 5.00 0.00 8.00 0.00 9.00 0.00 -0.21
4 4.00 0.00 5.00 0.00 9.00 0.00 10.00 0.00 -0.06
4 4.00 0.00 5.00 0.00 10.00 0.00 11.00 0.00 -0.02
4 4.00 0.00 5.00 0.00 13.00 0.00 14.00 0.00 -0.01
4 4.00 0.00 5.00 0.00 14.00 0.00 15.00 0.00 -0.00
4 5.00 0.00 6.00 0.00 7.00 0.00 8.00 0.00 -5.94
4 5.00 0.00 6.00 0.00 8.00 0.00 9.00 0.00 -0.88
4 5.00 0.00 6.00 0.00 9.00 0.00 10.00 0.00 -0.17
4 5.00 0.00 6.00 0.00 10.00 0.00 11.00 0.00 -0.06
4 5.00 0.00 6.00 0.00 13.00 0.00 14.00 0.00 -0.01
4 5.00 0.00 6.00 0.00 14.00 0.00 15.00 0.00 -0.01
4 5.00 0.00 6.00 0.00 15.00 0.00 16.00 0.00 -0.01
4 6.00 0.00 7.00 0.00 8.00 0.00 9.00 0.00 -7.10
4 6.00 0.00 7.00 0.00 9.00 0.00 10.00 0.00 -0.77
4 6.00 0.00 7.00 0.00 10.00 0.00 11.00 0.00 -0.18
4 6.00 0.00 7.00 0.00 13.00 0.00 14.00 0.00 -0.01
4 6.00 0.00 7.00 0.00 14.00 0.00 15.00 0.00 -0.01
4 6.00 0.00 7.00 0.00 15.00 0.00 16.00 0.00 -0.01
4 6.00 0.00 7.00 0.00 16.00 0.00 17.00 0.00 -0.01
4 7.00 0.00 8.00 0.00 9.00 0.00 10.00 0.00 -6.28
4 7.00 0.00 8.00 0.00 10.00 0.00 11.00 0.00 -0.85
4 7.00 0.00 8.00 0.00 13.00 0.00 14.00 0.00 -0.02
4 7.00 0.00 8.00 0.00 14.00 0.00 15.00 0.00 -0.01
4 7.00 0.00 8.00 0.00 15.00 0.00 16.00 0.00 -0.01
4 7.00 0.00 8.00 0.00 16.00 0.00 17.00 0.00 -0.01
4 7.00 0.00 8.00 0.00 17.00 0.00 18.00 0.00 -0.01
4 8.00 0.00 9.00 0.00 10.00 0.00 11.00 0.00 -8.35
4 8.00 0.00 9.00 0.00 13.00 0.00 14.00 0.00 -0.05
4 8.00 0.00 9.00 0.00 14.00 0.00 15.00 0.00 -0.03
4 8.00 0.00 9.00 0.00 15.00 0.00 16.00 0.00 -0.01
4 8.00 0.00 9.00 0.00 16.00 0.00 17.00 0.00 -0.01
4 8.00 0.00 9.00 0.00 17.00 0.00 18.00 0.00 -0.00
4 8.00 0.00 9.00 0.00 18.00 0.00 19.00 0.00 -0.01
4 9.00 0.00 10.00 0.00 13.00 0.00 14.00 0.00 -0.21
4 9.00 0.00 10.00 0.00 14.00 0.00 15.00 0.00 -0.07
4 9.00 0.00 10.00 0.00 15.00 0.00 16.00 0.00 -0.02
4 9.00 0.00 10.00 0.00 16.00 0.00 17.00 0.00 -0.02
4 9.00 0.00 10.00 0.00 17.00 0.00 18.00 0.00 -0.01
4 9.00 0.00 10.00 0.00 18.00 0.00 19.00 0.00 -0.02
4 9.00 0.00 10.00 0.00 19.00 0.00 20.00 0.00 -0.01
4 10.00 0.00 11.00 0.00 13.00 0.00 14.00 0.00 -1.01
4 10.00 0.00 11.00 0.00 14.00 0.00 15.00 0.00 -0.25
4 10.00 0.00 11.00 0.00 15.00 0.00 16.00 0.00 -0.08
4 10.00 0.00 11.00 0.00 16.00 0.00 17.00 0.00 -0.04
4 10.00 0.00 11.00 0.00 17.00 0.00 18.00 0.00 -0.02
4 10.00 0.00 11.00 0.00 18.00 0.00 19.00 0.00 -0.02
4 10.00 0.00 11.00 0.00 19.00 0.00 20.00 0.00 -0.02
4 10.00 0.00 11.00 0.00 20.00 0.00 21.00 0.00 -0.01
4 13.00 0.00 14.00 0.00 15.00 0.00 16.00 0.00 -5.09
4 13.00 0.00 14.00 0.00 16.00 0.00 17.00 0.00 -0.72
4 13.00 0.00 14.00 0.00 17.00 0.00 18.00 0.00 -0.28
4 13.00 0.00 14.00 0.00 18.00 0.00 19.00 0.00 -0.15
4 13.00 0.00 14.00 0.00 19.00 0.00 20.00 0.00 -0.08
4 13.00 0.00 14.00 0.00 20.00 0.00 21.00 0.00 -0.05
4 13.00 0.00 14.00 0.00 21.00 0.00 22.00 0.00 -0.03
4 13.00 0.00 14.00 0.00 22.00 0.00 23.00 0.00 -0.01
4 14.00 0.00 15.00 0.00 16.00 0.00 17.00 0.00 -4.41
4 14.00 0.00 15.00 0.00 17.00 0.00 18.00 0.00 -0.91
4 14.00 0.00 15.00 0.00 18.00 0.00 19.00 0.00 -0.34
4 14.00 0.00 15.00 0.00 19.00 0.00 20.00 0.00 -0.16
4 14.00 0.00 15.00 0.00 20.00 0.00 21.00 0.00 -0.09
4 14.00 0.00 15.00 0.00 21.00 0.00 22.00 0.00 -0.06
4 14.00 0.00 15.00 0.00 22.00 0.00 23.00 0.00 -0.02
4 15.00 0.00 16.00 0.00 17.00 0.00 18.00 0.00 -5.44
4 15.00 0.00 16.00 0.00 18.00 0.00 19.00 0.00 -1.13
4 15.00 0.00 16.00 0.00 19.00 0.00 20.00 0.00 -0.39
4 15.00 0.00 16.00 0.00 20.00 0.00 21.00 0.00 -0.20
4 15.00 0.00 16.00 0.00 21.00 0.00 22.00 0.00 -0.13
4 15.00 0.00 16.00 0.00 22.00 0.00 23.00 0.00 -0.05
4 16.00 0.00 17.00 0.00 18.00 0.00 19.00 0.00 -5.59
4 16.00 0.00 17.00 0.00 19.00 0.00 20.00 0.00 -1.23
4 16.00 0.00 17.00 0.00 20.00 0.00 21.00 0.00 -0.48
4 16.00 0.00 17.00 0.00 21.00 0.00 22.00 0.00 -0.27
4 16.00 0.00 17.00 0.00 22.00 0.00 23.00 0.00 -0.13
4 17.00 0.00 18.00 0.00 19.00 0.00 20.00 0.00 -6.06
4 17.00 0.00 18.00 0.00 20.00 0.00 21.00 0.00 -1.53
4 17.00 0.00 18.00 0.00 21.00 0.00 22.00 0.00 -0.68
4 17.00 0.00 18.00 0.00 22.00 0.00 23.00 0.00 -0.26
4 18.00 0.00 19.00 0.00 20.00 0.00 21.00 0.00 -6.58
4 18.00 0.00 19.00 0.00 21.00 0.00 22.00 0.00 -1.82
4 18.00 0.00 19.00 0.00 22.00 0.00 23.00 0.00 -0.49
4 19.00 0.00 20.00 0.00 21.00 0.00 22.00 0.00 -7.99
4 19.00 0.00 20.00 0.00 22.00 0.00 23.00 0.00 -1.29
4 20.00 0.00 21.00 0.00 22.00 0.00 23.00 0.00 -5.28
0
0
0
0