mcline1.bin
         1.00
11
3
Type of measurement (0=app. resistivity,1=resistance)
0
801
 2
0
4  0.00  0.00 1.00  0.00 2.00  0.00 3.00  0.00 127.32 
4  0.00  0.00 1.00  0.00 3.00  0.00 4.00  0.00 76.91 
4  0.00  0.00 1.00  0.00 4.00  0.00 5.00  0.00 62.98 
4  0.00  0.00 1.00  0.00 5.00  0.00 6.00  0.00 51.84 
4  0.00  0.00 1.00  0.00 6.00  0.00 7.00  0.00 40.79 
4  0.00  0.00 1.00  0.00 7.00  0.00 8.00  0.00 43.90 
4  0.00  0.00 1.00  0.00 8.00  0.00 9.00  0.00 55.12 
4  0.00  0.00 1.00  0.00 9.00  0.00 10.00  0.00 66.74 
4  0.00  0.00 1.00  0.00 10.00  0.00 11.00  0.00 66.72 
4  1.00  0.00 2.00  0.00 3.00  0.00 4.00  0.00 121.25 
4  1.00  0.00 2.00  0.00 4.00  0.00 5.00  0.00 79.65 
4  1.00  0.00 2.00  0.00 5.00  0.00 6.00  0.00 59.37 
4  1.00  0.00 2.00  0.00 6.00  0.00 7.00  0.00 47.78 
4  1.00  0.00 2.00  0.00 7.00  0.00 8.00  0.00 50.40 
4  1.00  0.00 2.00  0.00 8.00  0.00 9.00  0.00 60.24 
4  1.00  0.00 2.00  0.00 9.00  0.00 10.00  0.00 61.84 
4  1.00  0.00 2.00  0.00 10.00  0.00 11.00  0.00 42.60 
4  1.00  0.00 2.00  0.00 11.00  0.00 12.00  0.00 81.30 
4  2.00  0.00 3.00  0.00 4.00  0.00 5.00  0.00 116.33 
4  2.00  0.00 3.00  0.00 5.00  0.00 6.00  0.00 75.13 
4  2.00  0.00 3.00  0.00 6.00  0.00 7.00  0.00 51.56 
4  2.00  0.00 3.00  0.00 7.00  0.00 8.00  0.00 49.26 
4  2.00  0.00 3.00  0.00 8.00  0.00 9.00  0.00 54.17 
4  2.00  0.00 3.00  0.00 9.00  0.00 10.00  0.00 55.06 
4  2.00  0.00 3.00  0.00 10.00  0.00 11.00  0.00 61.16 
4  2.00  0.00 3.00  0.00 11.00  0.00 12.00  0.00 66.40 
4  2.00  0.00 3.00  0.00 12.00  0.00 13.00  0.00 67.00 
4  3.00  0.00 4.00  0.00 5.00  0.00 6.00  0.00 120.39 
4  3.00  0.00 4.00  0.00 6.00  0.00 7.00  0.00 62.21 
4  3.00  0.00 4.00  0.00 7.00  0.00 8.00  0.00 56.78 
4  3.00  0.00 4.00  0.00 8.00  0.00 9.00  0.00 49.97 
4  3.00  0.00 4.00  0.00 9.00  0.00 10.00  0.00 48.15 
4  3.00  0.00 4.00  0.00 10.00  0.00 11.00  0.00 57.11 
4  3.00  0.00 4.00  0.00 11.00  0.00 12.00  0.00 59.71 
4  3.00  0.00 4.00  0.00 12.00  0.00 13.00  0.00 80.59 
4  3.00  0.00 4.00  0.00 13.00  0.00 14.00  0.00 59.61 
4  4.00  0.00 5.00  0.00 6.00  0.00 7.00  0.00 138.98 
4  4.00  0.00 5.00  0.00 7.00  0.00 8.00  0.00 84.52 
4  4.00  0.00 5.00  0.00 8.00  0.00 9.00  0.00 54.98 
4  4.00  0.00 5.00  0.00 9.00  0.00 10.00  0.00 54.04 
4  4.00  0.00 5.00  0.00 10.00  0.00 11.00  0.00 52.55 
4  4.00  0.00 5.00  0.00 11.00  0.00 12.00  0.00 50.31 
4  4.00  0.00 5.00  0.00 12.00  0.00 13.00  0.00 54.21 
4  4.00  0.00 5.00  0.00 13.00  0.00 14.00  0.00 83.69 
4  4.00  0.00 5.00  0.00 14.00  0.00 15.00  0.00 78.18 
4  5.00  0.00 6.00  0.00 7.00  0.00 8.00  0.00 188.84 
4  5.00  0.00 6.00  0.00 8.00  0.00 9.00  0.00 83.08 
4  5.00  0.00 6.00  0.00 9.00  0.00 10.00  0.00 62.94 
4  5.00  0.00 6.00  0.00 10.00  0.00 11.00  0.00 55.19 
4  5.00  0.00 6.00  0.00 11.00  0.00 12.00  0.00 48.63 
4  5.00  0.00 6.00  0.00 12.00  0.00 13.00  0.00 54.89 
4  5.00  0.00 6.00  0.00 13.00  0.00 14.00  0.00 57.29 
4  5.00  0.00 6.00  0.00 14.00  0.00 15.00  0.00 78.80 
4  5.00  0.00 6.00  0.00 15.00  0.00 16.00  0.00 83.81 
4  6.00  0.00 7.00  0.00 8.00  0.00 9.00  0.00 128.43 
4  6.00  0.00 7.00  0.00 9.00  0.00 10.00  0.00 75.41 
4  6.00  0.00 7.00  0.00 10.00  0.00 11.00  0.00 51.07 
4  6.00  0.00 7.00  0.00 11.00  0.00 12.00  0.00 45.86 
4  6.00  0.00 7.00  0.00 12.00  0.00 13.00  0.00 46.43 
4  6.00  0.00 7.00  0.00 13.00  0.00 14.00  0.00 33.99 
4  6.00  0.00 7.00  0.00 14.00  0.00 15.00  0.00 46.08 
4  6.00  0.00 7.00  0.00 15.00  0.00 16.00  0.00 42.49 
4  6.00  0.00 7.00  0.00 16.00  0.00 17.00  0.00 32.68 
4  7.00  0.00 8.00  0.00 9.00  0.00 10.00  0.00 138.51 
4  7.00  0.00 8.00  0.00 10.00  0.00 11.00  0.00 75.01 
4  7.00  0.00 8.00  0.00 11.00  0.00 12.00  0.00 52.38 
4  7.00  0.00 8.00  0.00 12.00  0.00 13.00  0.00 49.00 
4  7.00  0.00 8.00  0.00 13.00  0.00 14.00  0.00 50.90 
4  7.00  0.00 8.00  0.00 14.00  0.00 15.00  0.00 57.15 
4  7.00  0.00 8.00  0.00 15.00  0.00 16.00  0.00 55.72 
4  7.00  0.00 8.00  0.00 16.00  0.00 17.00  0.00 50.96 
4  7.00  0.00 8.00  0.00 17.00  0.00 18.00  0.00 61.19 
4  8.00  0.00 9.00  0.00 10.00  0.00 11.00  0.00 116.42 
4  8.00  0.00 9.00  0.00 11.00  0.00 12.00  0.00 62.41 
4  8.00  0.00 9.00  0.00 12.00  0.00 13.00  0.00 49.73 
4  8.00  0.00 9.00  0.00 13.00  0.00 14.00  0.00 49.22 
4  8.00  0.00 9.00  0.00 14.00  0.00 15.00  0.00 53.76 
4  8.00  0.00 9.00  0.00 15.00  0.00 16.00  0.00 57.84 
4  8.00  0.00 9.00  0.00 16.00  0.00 17.00  0.00 50.91 
4  8.00  0.00 9.00  0.00 17.00  0.00 18.00  0.00 45.02 
4  8.00  0.00 9.00  0.00 18.00  0.00 19.00  0.00 74.10 
4  9.00  0.00 10.00  0.00 11.00  0.00 12.00  0.00 105.01 
4  9.00  0.00 10.00  0.00 12.00  0.00 13.00  0.00 61.17 
4  9.00  0.00 10.00  0.00 13.00  0.00 14.00  0.00 53.44 
4  9.00  0.00 10.00  0.00 14.00  0.00 15.00  0.00 52.09 
4  9.00  0.00 10.00  0.00 15.00  0.00 16.00  0.00 55.55 
4  9.00  0.00 10.00  0.00 16.00  0.00 17.00  0.00 57.21 
4  9.00  0.00 10.00  0.00 17.00  0.00 18.00  0.00 62.94 
4  9.00  0.00 10.00  0.00 18.00  0.00 19.00  0.00 63.70 
4  9.00  0.00 10.00  0.00 19.00  0.00 20.00  0.00 59.37 
4  10.00  0.00 11.00  0.00 12.00  0.00 13.00  0.00 81.51 
4  10.00  0.00 11.00  0.00 13.00  0.00 14.00  0.00 59.38 
4  10.00  0.00 11.00  0.00 14.00  0.00 15.00  0.00 51.17 
4  10.00  0.00 11.00  0.00 15.00  0.00 16.00  0.00 50.24 
4  10.00  0.00 11.00  0.00 16.00  0.00 17.00  0.00 54.85 
4  10.00  0.00 11.00  0.00 17.00  0.00 18.00  0.00 57.91 
4  10.00  0.00 11.00  0.00 18.00  0.00 19.00  0.00 66.21 
4  10.00  0.00 11.00  0.00 19.00  0.00 20.00  0.00 56.69 
4  10.00  0.00 11.00  0.00 20.00  0.00 21.00  0.00 77.40 
4  11.00  0.00 12.00  0.00 13.00  0.00 14.00  0.00 77.13 
4  11.00  0.00 12.00  0.00 14.00  0.00 15.00  0.00 54.84 
4  11.00  0.00 12.00  0.00 15.00  0.00 16.00  0.00 48.22 
4  11.00  0.00 12.00  0.00 16.00  0.00 17.00  0.00 42.23 
4  11.00  0.00 12.00  0.00 17.00  0.00 18.00  0.00 51.43 
4  11.00  0.00 12.00  0.00 18.00  0.00 19.00  0.00 60.60 
4  11.00  0.00 12.00  0.00 19.00  0.00 20.00  0.00 60.37 
4  11.00  0.00 12.00  0.00 20.00  0.00 21.00  0.00 60.06 
4  11.00  0.00 12.00  0.00 21.00  0.00 22.00  0.00 55.39 
4  12.00  0.00 13.00  0.00 14.00  0.00 15.00  0.00 73.66 
4  12.00  0.00 13.00  0.00 15.00  0.00 16.00  0.00 53.58 
4  12.00  0.00 13.00  0.00 16.00  0.00 17.00  0.00 50.33 
4  12.00  0.00 13.00  0.00 17.00  0.00 18.00  0.00 52.71 
4  12.00  0.00 13.00  0.00 18.00  0.00 19.00  0.00 56.92 
4  12.00  0.00 13.00  0.00 19.00  0.00 20.00  0.00 56.47 
4  12.00  0.00 13.00  0.00 20.00  0.00 21.00  0.00 56.14 
4  12.00  0.00 13.00  0.00 21.00  0.00 22.00  0.00 45.42 
4  12.00  0.00 13.00  0.00 22.00  0.00 23.00  0.00 39.98 
4  13.00  0.00 14.00  0.00 15.00  0.00 16.00  0.00 78.37 
4  13.00  0.00 14.00  0.00 16.00  0.00 17.00  0.00 55.70 
4  13.00  0.00 14.00  0.00 17.00  0.00 18.00  0.00 50.90 
4  13.00  0.00 14.00  0.00 18.00  0.00 19.00  0.00 54.18 
4  13.00  0.00 14.00  0.00 19.00  0.00 20.00  0.00 55.12 
4  13.00  0.00 14.00  0.00 20.00  0.00 21.00  0.00 53.18 
4  13.00  0.00 14.00  0.00 21.00  0.00 22.00  0.00 43.74 
4  13.00  0.00 14.00  0.00 22.00  0.00 23.00  0.00 49.57 
4  14.00  0.00 15.00  0.00 16.00  0.00 17.00  0.00 83.19 
4  14.00  0.00 15.00  0.00 17.00  0.00 18.00  0.00 53.86 
4  14.00  0.00 15.00  0.00 18.00  0.00 19.00  0.00 52.21 
4  14.00  0.00 15.00  0.00 19.00  0.00 20.00  0.00 51.10 
4  14.00  0.00 15.00  0.00 20.00  0.00 21.00  0.00 51.21 
4  14.00  0.00 15.00  0.00 21.00  0.00 22.00  0.00 45.68 
4  14.00  0.00 15.00  0.00 22.00  0.00 23.00  0.00 42.20 
4  15.00  0.00 16.00  0.00 17.00  0.00 18.00  0.00 77.61 
4  15.00  0.00 16.00  0.00 18.00  0.00 19.00  0.00 55.18 
4  15.00  0.00 16.00  0.00 19.00  0.00 20.00  0.00 50.67 
4  15.00  0.00 16.00  0.00 20.00  0.00 21.00  0.00 47.58 
4  15.00  0.00 16.00  0.00 21.00  0.00 22.00  0.00 45.58 
4  15.00  0.00 16.00  0.00 22.00  0.00 23.00  0.00 47.22 
4  16.00  0.00 17.00  0.00 18.00  0.00 19.00  0.00 86.67 
4  16.00  0.00 17.00  0.00 19.00  0.00 20.00  0.00 60.09 
4  16.00  0.00 17.00  0.00 20.00  0.00 21.00  0.00 51.40 
4  16.00  0.00 17.00  0.00 21.00  0.00 22.00  0.00 43.48 
4  16.00  0.00 17.00  0.00 22.00  0.00 23.00  0.00 47.15 
4  17.00  0.00 18.00  0.00 19.00  0.00 20.00  0.00 81.74 
4  17.00  0.00 18.00  0.00 20.00  0.00 21.00  0.00 57.32 
4  17.00  0.00 18.00  0.00 21.00  0.00 22.00  0.00 44.00 
4  17.00  0.00 18.00  0.00 22.00  0.00 23.00  0.00 43.40 
4  18.00  0.00 19.00  0.00 20.00  0.00 21.00  0.00 79.90 
4  18.00  0.00 19.00  0.00 21.00  0.00 22.00  0.00 50.39 
4  18.00  0.00 19.00  0.00 22.00  0.00 23.00  0.00 43.56 
4  19.00  0.00 20.00  0.00 21.00  0.00 22.00  0.00 69.72 
4  19.00  0.00 20.00  0.00 22.00  0.00 23.00  0.00 46.55 
4  20.00  0.00 21.00  0.00 22.00  0.00 23.00  0.00 71.03 
4  13.00  0.00 14.00  0.00 23.00  0.00 24.00  0.00 59.21 
4  14.00  0.00 15.00  0.00 23.00  0.00 24.00  0.00 52.50 
4  14.00  0.00 15.00  0.00 24.00  0.00 25.00  0.00 60.68 
4  15.00  0.00 16.00  0.00 23.00  0.00 24.00  0.00 44.25 
4  15.00  0.00 16.00  0.00 24.00  0.00 25.00  0.00 41.27 
4  15.00  0.00 16.00  0.00 25.00  0.00 26.00  0.00 53.30 
4  16.00  0.00 17.00  0.00 23.00  0.00 24.00  0.00 42.18 
4  16.00  0.00 17.00  0.00 24.00  0.00 25.00  0.00 40.47 
4  16.00  0.00 17.00  0.00 25.00  0.00 26.00  0.00 34.68 
4  16.00  0.00 17.00  0.00 26.00  0.00 27.00  0.00 49.12 
4  17.00  0.00 18.00  0.00 23.00  0.00 24.00  0.00 39.91 
4  17.00  0.00 18.00  0.00 24.00  0.00 25.00  0.00 38.66 
4  17.00  0.00 18.00  0.00 25.00  0.00 26.00  0.00 40.75 
4  17.00  0.00 18.00  0.00 26.00  0.00 27.00  0.00 38.09 
4  17.00  0.00 18.00  0.00 27.00  0.00 28.00  0.00 40.10 
4  18.00  0.00 19.00  0.00 23.00  0.00 24.00  0.00 39.47 
4  18.00  0.00 19.00  0.00 24.00  0.00 25.00  0.00 42.04 
4  18.00  0.00 19.00  0.00 25.00  0.00 26.00  0.00 39.64 
4  18.00  0.00 19.00  0.00 26.00  0.00 27.00  0.00 36.66 
4  18.00  0.00 19.00  0.00 27.00  0.00 28.00  0.00 42.08 
4  18.00  0.00 19.00  0.00 28.00  0.00 29.00  0.00 41.36 
4  19.00  0.00 20.00  0.00 23.00  0.00 24.00  0.00 37.22 
4  19.00  0.00 20.00  0.00 24.00  0.00 25.00  0.00 35.82 
4  19.00  0.00 20.00  0.00 25.00  0.00 26.00  0.00 30.12 
4  19.00  0.00 20.00  0.00 26.00  0.00 27.00  0.00 40.55 
4  19.00  0.00 20.00  0.00 27.00  0.00 28.00  0.00 28.31 
4  19.00  0.00 20.00  0.00 28.00  0.00 29.00  0.00 34.50 
4  19.00  0.00 20.00  0.00 29.00  0.00 30.00  0.00 39.05 
4  20.00  0.00 21.00  0.00 23.00  0.00 24.00  0.00 41.77 
4  20.00  0.00 21.00  0.00 24.00  0.00 25.00  0.00 35.49 
4  20.00  0.00 21.00  0.00 25.00  0.00 26.00  0.00 34.40 
4  20.00  0.00 21.00  0.00 26.00  0.00 27.00  0.00 33.84 
4  20.00  0.00 21.00  0.00 27.00  0.00 28.00  0.00 33.57 
4  20.00  0.00 21.00  0.00 28.00  0.00 29.00  0.00 31.80 
4  20.00  0.00 21.00  0.00 29.00  0.00 30.00  0.00 36.89 
4  20.00  0.00 21.00  0.00 30.00  0.00 31.00  0.00 30.96 
4  21.00  0.00 22.00  0.00 23.00  0.00 24.00  0.00 62.38 
4  21.00  0.00 22.00  0.00 24.00  0.00 25.00  0.00 37.69 
4  21.00  0.00 22.00  0.00 25.00  0.00 26.00  0.00 31.83 
4  21.00  0.00 22.00  0.00 26.00  0.00 27.00  0.00 30.61 
4  21.00  0.00 22.00  0.00 27.00  0.00 28.00  0.00 28.66 
4  21.00  0.00 22.00  0.00 28.00  0.00 29.00  0.00 29.60 
4  21.00  0.00 22.00  0.00 29.00  0.00 30.00  0.00 30.11 
4  21.00  0.00 22.00  0.00 30.00  0.00 31.00  0.00 27.36 
4  21.00  0.00 22.00  0.00 31.00  0.00 32.00  0.00 26.69 
4  22.00  0.00 23.00  0.00 24.00  0.00 25.00  0.00 67.66 
4  22.00  0.00 23.00  0.00 25.00  0.00 26.00  0.00 45.08 
4  22.00  0.00 23.00  0.00 26.00  0.00 27.00  0.00 31.84 
4  22.00  0.00 23.00  0.00 27.00  0.00 28.00  0.00 29.34 
4  22.00  0.00 23.00  0.00 28.00  0.00 29.00  0.00 28.71 
4  22.00  0.00 23.00  0.00 29.00  0.00 30.00  0.00 27.13 
4  22.00  0.00 23.00  0.00 30.00  0.00 31.00  0.00 34.78 
4  22.00  0.00 23.00  0.00 31.00  0.00 32.00  0.00 29.31 
4  22.00  0.00 23.00  0.00 32.00  0.00 33.00  0.00 50.42 
4  23.00  0.00 24.00  0.00 25.00  0.00 26.00  0.00 82.08 
4  23.00  0.00 24.00  0.00 26.00  0.00 27.00  0.00 40.30 
4  23.00  0.00 24.00  0.00 27.00  0.00 28.00  0.00 26.22 
4  23.00  0.00 24.00  0.00 28.00  0.00 29.00  0.00 24.53 
4  23.00  0.00 24.00  0.00 29.00  0.00 30.00  0.00 24.44 
4  23.00  0.00 24.00  0.00 30.00  0.00 31.00  0.00 28.27 
4  23.00  0.00 24.00  0.00 31.00  0.00 32.00  0.00 26.15 
4  23.00  0.00 24.00  0.00 32.00  0.00 33.00  0.00 25.66 
4  23.00  0.00 24.00  0.00 33.00  0.00 34.00  0.00 36.71 
4  24.00  0.00 25.00  0.00 26.00  0.00 27.00  0.00 84.48 
4  24.00  0.00 25.00  0.00 27.00  0.00 28.00  0.00 37.04 
4  24.00  0.00 25.00  0.00 28.00  0.00 29.00  0.00 25.25 
4  24.00  0.00 25.00  0.00 29.00  0.00 30.00  0.00 23.36 
4  24.00  0.00 25.00  0.00 30.00  0.00 31.00  0.00 24.17 
4  24.00  0.00 25.00  0.00 31.00  0.00 32.00  0.00 25.63 
4  24.00  0.00 25.00  0.00 32.00  0.00 33.00  0.00 21.75 
4  24.00  0.00 25.00  0.00 33.00  0.00 34.00  0.00 33.17 
4  24.00  0.00 25.00  0.00 34.00  0.00 35.00  0.00 39.57 
4  25.00  0.00 26.00  0.00 27.00  0.00 28.00  0.00 69.43 
4  25.00  0.00 26.00  0.00 28.00  0.00 29.00  0.00 32.88 
4  25.00  0.00 26.00  0.00 29.00  0.00 30.00  0.00 21.76 
4  25.00  0.00 26.00  0.00 30.00  0.00 31.00  0.00 18.34 
4  25.00  0.00 26.00  0.00 31.00  0.00 32.00  0.00 22.04 
4  25.00  0.00 26.00  0.00 32.00  0.00 33.00  0.00 22.39 
4  25.00  0.00 26.00  0.00 33.00  0.00 34.00  0.00 15.61 
4  25.00  0.00 26.00  0.00 34.00  0.00 35.00  0.00 20.70 
4  26.00  0.00 27.00  0.00 28.00  0.00 29.00  0.00 86.12 
4  26.00  0.00 27.00  0.00 29.00  0.00 30.00  0.00 33.99 
4  26.00  0.00 27.00  0.00 30.00  0.00 31.00  0.00 22.66 
4  26.00  0.00 27.00  0.00 31.00  0.00 32.00  0.00 18.81 
4  26.00  0.00 27.00  0.00 32.00  0.00 33.00  0.00 19.08 
4  26.00  0.00 27.00  0.00 33.00  0.00 34.00  0.00 20.27 
4  26.00  0.00 27.00  0.00 34.00  0.00 35.00  0.00 15.98 
4  27.00  0.00 28.00  0.00 29.00  0.00 30.00  0.00 75.65 
4  27.00  0.00 28.00  0.00 30.00  0.00 31.00  0.00 35.98 
4  27.00  0.00 28.00  0.00 31.00  0.00 32.00  0.00 21.42 
4  27.00  0.00 28.00  0.00 32.00  0.00 33.00  0.00 20.12 
4  27.00  0.00 28.00  0.00 33.00  0.00 34.00  0.00 20.85 
4  27.00  0.00 28.00  0.00 34.00  0.00 35.00  0.00 14.48 
4  28.00  0.00 29.00  0.00 30.00  0.00 31.00  0.00 84.09 
4  28.00  0.00 29.00  0.00 31.00  0.00 32.00  0.00 35.87 
4  28.00  0.00 29.00  0.00 32.00  0.00 33.00  0.00 20.64 
4  28.00  0.00 29.00  0.00 33.00  0.00 34.00  0.00 16.26 
4  28.00  0.00 29.00  0.00 34.00  0.00 35.00  0.00 18.98 
4  29.00  0.00 30.00  0.00 31.00  0.00 32.00  0.00 83.94 
4  29.00  0.00 30.00  0.00 32.00  0.00 33.00  0.00 32.92 
4  29.00  0.00 30.00  0.00 33.00  0.00 34.00  0.00 18.29 
4  29.00  0.00 30.00  0.00 34.00  0.00 35.00  0.00 16.84 
4  30.00  0.00 31.00  0.00 32.00  0.00 33.00  0.00 91.81 
4  30.00  0.00 31.00  0.00 33.00  0.00 34.00  0.00 32.28 
4  30.00  0.00 31.00  0.00 34.00  0.00 35.00  0.00 20.31 
4  31.00  0.00 32.00  0.00 33.00  0.00 34.00  0.00 98.25 
4  31.00  0.00 32.00  0.00 34.00  0.00 35.00  0.00 45.70 
4  32.00  0.00 33.00  0.00 34.00  0.00 35.00  0.00 116.56 
4  25.00  0.00 26.00  0.00 35.00  0.00 36.00  0.00 40.97 
4  26.00  0.00 27.00  0.00 35.00  0.00 36.00  0.00 30.74 
4  26.00  0.00 27.00  0.00 36.00  0.00 37.00  0.00 54.20 
4  27.00  0.00 28.00  0.00 35.00  0.00 36.00  0.00 25.91 
4  27.00  0.00 28.00  0.00 36.00  0.00 37.00  0.00 20.26 
4  27.00  0.00 28.00  0.00 37.00  0.00 38.00  0.00 30.01 
4  28.00  0.00 29.00  0.00 35.00  0.00 36.00  0.00 20.12 
4  28.00  0.00 29.00  0.00 36.00  0.00 37.00  0.00 21.98 
4  28.00  0.00 29.00  0.00 37.00  0.00 38.00  0.00 24.92 
4  28.00  0.00 29.00  0.00 38.00  0.00 39.00  0.00 24.03 
4  29.00  0.00 30.00  0.00 35.00  0.00 36.00  0.00 17.01 
4  29.00  0.00 30.00  0.00 36.00  0.00 37.00  0.00 8.65 
4  29.00  0.00 30.00  0.00 37.00  0.00 38.00  0.00 46.87 
4  29.00  0.00 30.00  0.00 38.00  0.00 39.00  0.00 48.40 
4  29.00  0.00 30.00  0.00 39.00  0.00 40.00  0.00 1.48 
4  30.00  0.00 31.00  0.00 35.00  0.00 36.00  0.00 15.53 
4  30.00  0.00 31.00  0.00 36.00  0.00 37.00  0.00 13.37 
4  30.00  0.00 31.00  0.00 37.00  0.00 38.00  0.00 17.53 
4  30.00  0.00 31.00  0.00 38.00  0.00 39.00  0.00 20.60 
4  30.00  0.00 31.00  0.00 39.00  0.00 40.00  0.00 17.07 
4  30.00  0.00 31.00  0.00 40.00  0.00 41.00  0.00 6.36 
4  31.00  0.00 32.00  0.00 35.00  0.00 36.00  0.00 22.44 
4  31.00  0.00 32.00  0.00 36.00  0.00 37.00  0.00 15.36 
4  31.00  0.00 32.00  0.00 37.00  0.00 38.00  0.00 16.65 
4  31.00  0.00 32.00  0.00 38.00  0.00 39.00  0.00 13.42 
4  31.00  0.00 32.00  0.00 39.00  0.00 40.00  0.00 22.68 
4  31.00  0.00 32.00  0.00 40.00  0.00 41.00  0.00 17.31 
4  31.00  0.00 32.00  0.00 41.00  0.00 42.00  0.00 18.92 
4  32.00  0.00 33.00  0.00 35.00  0.00 36.00  0.00 43.84 
4  32.00  0.00 33.00  0.00 36.00  0.00 37.00  0.00 21.68 
4  32.00  0.00 33.00  0.00 37.00  0.00 38.00  0.00 16.65 
4  32.00  0.00 33.00  0.00 38.00  0.00 39.00  0.00 16.40 
4  32.00  0.00 33.00  0.00 39.00  0.00 40.00  0.00 16.28 
4  32.00  0.00 33.00  0.00 40.00  0.00 41.00  0.00 964.55 
4  32.00  0.00 33.00  0.00 41.00  0.00 42.00  0.00 14.72 
4  32.00  0.00 33.00  0.00 42.00  0.00 43.00  0.00 11.86 
4  33.00  0.00 34.00  0.00 35.00  0.00 36.00  0.00 91.30 
4  33.00  0.00 34.00  0.00 36.00  0.00 37.00  0.00 37.24 
4  33.00  0.00 34.00  0.00 37.00  0.00 38.00  0.00 21.77 
4  33.00  0.00 34.00  0.00 38.00  0.00 39.00  0.00 15.66 
4  33.00  0.00 34.00  0.00 39.00  0.00 40.00  0.00 4.92 
4  33.00  0.00 34.00  0.00 40.00  0.00 41.00  0.00 448.87 
4  33.00  0.00 34.00  0.00 41.00  0.00 42.00  0.00 11.51 
4  33.00  0.00 34.00  0.00 42.00  0.00 43.00  0.00 23.52 
4  33.00  0.00 34.00  0.00 43.00  0.00 44.00  0.00 32.35 
4  34.00  0.00 35.00  0.00 36.00  0.00 37.00  0.00 80.55 
4  34.00  0.00 35.00  0.00 37.00  0.00 38.00  0.00 41.99 
4  34.00  0.00 35.00  0.00 38.00  0.00 39.00  0.00 24.72 
4  34.00  0.00 35.00  0.00 39.00  0.00 40.00  0.00 2.75 
4  34.00  0.00 35.00  0.00 40.00  0.00 41.00  0.00 638.90 
4  34.00  0.00 35.00  0.00 41.00  0.00 42.00  0.00 14.61 
4  34.00  0.00 35.00  0.00 42.00  0.00 43.00  0.00 15.08 
4  34.00  0.00 35.00  0.00 43.00  0.00 44.00  0.00 21.54 
4  34.00  0.00 35.00  0.00 44.00  0.00 45.00  0.00 17.78 
4  35.00  0.00 36.00  0.00 37.00  0.00 38.00  0.00 97.34 
4  35.00  0.00 36.00  0.00 38.00  0.00 39.00  0.00 56.72 
4  35.00  0.00 36.00  0.00 39.00  0.00 40.00  0.00 344.47 
4  35.00  0.00 36.00  0.00 40.00  0.00 41.00  0.00 35.52 
4  35.00  0.00 36.00  0.00 41.00  0.00 42.00  0.00 18.43 
4  35.00  0.00 36.00  0.00 42.00  0.00 43.00  0.00 13.50 
4  35.00  0.00 36.00  0.00 43.00  0.00 44.00  0.00 14.93 
4  35.00  0.00 36.00  0.00 44.00  0.00 45.00  0.00 16.28 
4  35.00  0.00 36.00  0.00 45.00  0.00 46.00  0.00 22.44 
4  36.00  0.00 37.00  0.00 38.00  0.00 39.00  0.00 114.83 
4  36.00  0.00 37.00  0.00 39.00  0.00 40.00  0.00 41.94 
4  36.00  0.00 37.00  0.00 40.00  0.00 41.00  0.00 137.77 
4  36.00  0.00 37.00  0.00 41.00  0.00 42.00  0.00 14.88 
4  36.00  0.00 37.00  0.00 42.00  0.00 43.00  0.00 15.56 
4  36.00  0.00 37.00  0.00 43.00  0.00 44.00  0.00 14.08 
4  36.00  0.00 37.00  0.00 44.00  0.00 45.00  0.00 17.87 
4  36.00  0.00 37.00  0.00 45.00  0.00 46.00  0.00 15.68 
4  36.00  0.00 37.00  0.00 46.00  0.00 47.00  0.00 18.45 
4  37.00  0.00 38.00  0.00 39.00  0.00 40.00  0.00 67.40 
4  37.00  0.00 38.00  0.00 40.00  0.00 41.00  0.00 80.53 
4  37.00  0.00 38.00  0.00 41.00  0.00 42.00  0.00 20.45 
4  37.00  0.00 38.00  0.00 42.00  0.00 43.00  0.00 14.94 
4  37.00  0.00 38.00  0.00 43.00  0.00 44.00  0.00 14.13 
4  37.00  0.00 38.00  0.00 44.00  0.00 45.00  0.00 12.09 
4  37.00  0.00 38.00  0.00 45.00  0.00 46.00  0.00 19.71 
4  37.00  0.00 38.00  0.00 46.00  0.00 47.00  0.00 15.16 
4  38.00  0.00 39.00  0.00 40.00  0.00 41.00  0.00 109.30 
4  38.00  0.00 39.00  0.00 41.00  0.00 42.00  0.00 49.84 
4  38.00  0.00 39.00  0.00 42.00  0.00 43.00  0.00 26.27 
4  38.00  0.00 39.00  0.00 43.00  0.00 44.00  0.00 15.42 
4  38.00  0.00 39.00  0.00 44.00  0.00 45.00  0.00 18.06 
4  38.00  0.00 39.00  0.00 45.00  0.00 46.00  0.00 24.49 
4  38.00  0.00 39.00  0.00 46.00  0.00 47.00  0.00 12.39 
4  39.00  0.00 40.00  0.00 41.00  0.00 42.00  0.00 87.94 
4  39.00  0.00 40.00  0.00 42.00  0.00 43.00  0.00 45.98 
4  39.00  0.00 40.00  0.00 43.00  0.00 44.00  0.00 21.45 
4  39.00  0.00 40.00  0.00 44.00  0.00 45.00  0.00 14.68 
4  39.00  0.00 40.00  0.00 45.00  0.00 46.00  0.00 13.21 
4  39.00  0.00 40.00  0.00 46.00  0.00 47.00  0.00 11.66 
4  40.00  0.00 41.00  0.00 42.00  0.00 43.00  0.00 104.60 
4  40.00  0.00 41.00  0.00 43.00  0.00 44.00  0.00 49.05 
4  40.00  0.00 41.00  0.00 44.00  0.00 45.00  0.00 26.37 
4  40.00  0.00 41.00  0.00 45.00  0.00 46.00  0.00 19.72 
4  40.00  0.00 41.00  0.00 46.00  0.00 47.00  0.00 11.55 
4  41.00  0.00 42.00  0.00 43.00  0.00 44.00  0.00 103.24 
4  41.00  0.00 42.00  0.00 44.00  0.00 45.00  0.00 57.11 
4  41.00  0.00 42.00  0.00 45.00  0.00 46.00  0.00 28.04 
4  41.00  0.00 42.00  0.00 46.00  0.00 47.00  0.00 18.50 
4  42.00  0.00 43.00  0.00 44.00  0.00 45.00  0.00 127.45 
4  42.00  0.00 43.00  0.00 45.00  0.00 46.00  0.00 61.53 
4  42.00  0.00 43.00  0.00 46.00  0.00 47.00  0.00 33.02 
4  43.00  0.00 44.00  0.00 45.00  0.00 46.00  0.00 101.89 
4  43.00  0.00 44.00  0.00 46.00  0.00 47.00  0.00 55.90 
4  44.00  0.00 45.00  0.00 46.00  0.00 47.00  0.00 115.09 
4  37.00  0.00 38.00  0.00 47.00  0.00 48.00  0.00 27.59 
4  38.00  0.00 39.00  0.00 47.00  0.00 48.00  0.00 23.69 
4  38.00  0.00 39.00  0.00 48.00  0.00 49.00  0.00 27.93 
4  39.00  0.00 40.00  0.00 47.00  0.00 48.00  0.00 12.65 
4  39.00  0.00 40.00  0.00 48.00  0.00 49.00  0.00 20.69 
4  39.00  0.00 40.00  0.00 49.00  0.00 50.00  0.00 21.57 
4  40.00  0.00 41.00  0.00 47.00  0.00 48.00  0.00 15.81 
4  40.00  0.00 41.00  0.00 48.00  0.00 49.00  0.00 9.30 
4  40.00  0.00 41.00  0.00 49.00  0.00 50.00  0.00 35.46 
4  40.00  0.00 41.00  0.00 50.00  0.00 51.00  0.00 26.34 
4  41.00  0.00 42.00  0.00 47.00  0.00 48.00  0.00 14.04 
4  41.00  0.00 42.00  0.00 48.00  0.00 49.00  0.00 14.74 
4  41.00  0.00 42.00  0.00 49.00  0.00 50.00  0.00 27.55 
4  41.00  0.00 42.00  0.00 50.00  0.00 51.00  0.00 11.23 
4  41.00  0.00 42.00  0.00 51.00  0.00 52.00  0.00 19.29 
4  42.00  0.00 43.00  0.00 47.00  0.00 48.00  0.00 23.74 
4  42.00  0.00 43.00  0.00 48.00  0.00 49.00  0.00 23.37 
4  42.00  0.00 43.00  0.00 49.00  0.00 50.00  0.00 17.39 
4  42.00  0.00 43.00  0.00 50.00  0.00 51.00  0.00 10.00 
4  42.00  0.00 43.00  0.00 51.00  0.00 52.00  0.00 26.69 
4  42.00  0.00 43.00  0.00 52.00  0.00 53.00  0.00 17.37 
4  43.00  0.00 44.00  0.00 47.00  0.00 48.00  0.00 37.07 
4  43.00  0.00 44.00  0.00 48.00  0.00 49.00  0.00 25.44 
4  43.00  0.00 44.00  0.00 49.00  0.00 50.00  0.00 17.26 
4  43.00  0.00 44.00  0.00 50.00  0.00 51.00  0.00 14.39 
4  43.00  0.00 44.00  0.00 51.00  0.00 52.00  0.00 20.41 
4  43.00  0.00 44.00  0.00 52.00  0.00 53.00  0.00 12.80 
4  43.00  0.00 44.00  0.00 53.00  0.00 54.00  0.00 19.70 
4  44.00  0.00 45.00  0.00 47.00  0.00 48.00  0.00 74.73 
4  44.00  0.00 45.00  0.00 48.00  0.00 49.00  0.00 45.68 
4  44.00  0.00 45.00  0.00 49.00  0.00 50.00  0.00 23.53 
4  44.00  0.00 45.00  0.00 50.00  0.00 51.00  0.00 15.44 
4  44.00  0.00 45.00  0.00 51.00  0.00 52.00  0.00 10.38 
4  44.00  0.00 45.00  0.00 52.00  0.00 53.00  0.00 13.08 
4  44.00  0.00 45.00  0.00 53.00  0.00 54.00  0.00 5.40 
4  44.00  0.00 45.00  0.00 54.00  0.00 55.00  0.00 19.13 
4  45.00  0.00 46.00  0.00 47.00  0.00 48.00  0.00 156.54 
4  45.00  0.00 46.00  0.00 48.00  0.00 49.00  0.00 102.47 
4  45.00  0.00 46.00  0.00 49.00  0.00 50.00  0.00 50.31 
4  45.00  0.00 46.00  0.00 50.00  0.00 51.00  0.00 24.15 
4  45.00  0.00 46.00  0.00 51.00  0.00 52.00  0.00 14.66 
4  45.00  0.00 46.00  0.00 52.00  0.00 53.00  0.00 10.48 
4  45.00  0.00 46.00  0.00 53.00  0.00 54.00  0.00 24.23 
4  45.00  0.00 46.00  0.00 54.00  0.00 55.00  0.00 23.14 
4  45.00  0.00 46.00  0.00 55.00  0.00 56.00  0.00 16.96 
4  46.00  0.00 47.00  0.00 48.00  0.00 49.00  0.00 157.84 
4  46.00  0.00 47.00  0.00 49.00  0.00 50.00  0.00 96.93 
4  46.00  0.00 47.00  0.00 50.00  0.00 51.00  0.00 44.88 
4  46.00  0.00 47.00  0.00 51.00  0.00 52.00  0.00 24.88 
4  46.00  0.00 47.00  0.00 52.00  0.00 53.00  0.00 18.92 
4  46.00  0.00 47.00  0.00 53.00  0.00 54.00  0.00 20.02 
4  46.00  0.00 47.00  0.00 54.00  0.00 55.00  0.00 21.91 
4  46.00  0.00 47.00  0.00 55.00  0.00 56.00  0.00 22.15 
4  46.00  0.00 47.00  0.00 56.00  0.00 57.00  0.00 19.18 
4  47.00  0.00 48.00  0.00 49.00  0.00 50.00  0.00 155.98 
4  47.00  0.00 48.00  0.00 50.00  0.00 51.00  0.00 87.09 
4  47.00  0.00 48.00  0.00 51.00  0.00 52.00  0.00 45.43 
4  47.00  0.00 48.00  0.00 52.00  0.00 53.00  0.00 30.20 
4  47.00  0.00 48.00  0.00 53.00  0.00 54.00  0.00 22.32 
4  47.00  0.00 48.00  0.00 54.00  0.00 55.00  0.00 21.48 
4  47.00  0.00 48.00  0.00 55.00  0.00 56.00  0.00 29.39 
4  47.00  0.00 48.00  0.00 56.00  0.00 57.00  0.00 27.84 
4  47.00  0.00 48.00  0.00 57.00  0.00 58.00  0.00 20.91 
4  48.00  0.00 49.00  0.00 50.00  0.00 51.00  0.00 135.21 
4  48.00  0.00 49.00  0.00 51.00  0.00 52.00  0.00 81.97 
4  48.00  0.00 49.00  0.00 52.00  0.00 53.00  0.00 49.32 
4  48.00  0.00 49.00  0.00 53.00  0.00 54.00  0.00 29.29 
4  48.00  0.00 49.00  0.00 54.00  0.00 55.00  0.00 32.16 
4  48.00  0.00 49.00  0.00 55.00  0.00 56.00  0.00 28.18 
4  48.00  0.00 49.00  0.00 56.00  0.00 57.00  0.00 28.51 
4  48.00  0.00 49.00  0.00 57.00  0.00 58.00  0.00 27.44 
4  48.00  0.00 49.00  0.00 58.00  0.00 59.00  0.00 30.22 
4  49.00  0.00 50.00  0.00 51.00  0.00 52.00  0.00 122.24 
4  49.00  0.00 50.00  0.00 52.00  0.00 53.00  0.00 85.67 
4  49.00  0.00 50.00  0.00 53.00  0.00 54.00  0.00 49.17 
4  49.00  0.00 50.00  0.00 54.00  0.00 55.00  0.00 33.08 
4  49.00  0.00 50.00  0.00 55.00  0.00 56.00  0.00 29.78 
4  49.00  0.00 50.00  0.00 56.00  0.00 57.00  0.00 34.37 
4  49.00  0.00 50.00  0.00 57.00  0.00 58.00  0.00 32.63 
4  49.00  0.00 50.00  0.00 58.00  0.00 59.00  0.00 27.22 
4  50.00  0.00 51.00  0.00 52.00  0.00 53.00  0.00 126.92 
4  50.00  0.00 51.00  0.00 53.00  0.00 54.00  0.00 87.24 
4  50.00  0.00 51.00  0.00 54.00  0.00 55.00  0.00 51.27 
4  50.00  0.00 51.00  0.00 55.00  0.00 56.00  0.00 37.25 
4  50.00  0.00 51.00  0.00 56.00  0.00 57.00  0.00 29.53 
4  50.00  0.00 51.00  0.00 57.00  0.00 58.00  0.00 32.14 
4  50.00  0.00 51.00  0.00 58.00  0.00 59.00  0.00 34.66 
4  51.00  0.00 52.00  0.00 53.00  0.00 54.00  0.00 118.27 
4  51.00  0.00 52.00  0.00 54.00  0.00 55.00  0.00 79.50 
4  51.00  0.00 52.00  0.00 55.00  0.00 56.00  0.00 52.71 
4  51.00  0.00 52.00  0.00 56.00  0.00 57.00  0.00 36.81 
4  51.00  0.00 52.00  0.00 57.00  0.00 58.00  0.00 35.04 
4  51.00  0.00 52.00  0.00 58.00  0.00 59.00  0.00 33.74 
4  52.00  0.00 53.00  0.00 54.00  0.00 55.00  0.00 114.45 
4  52.00  0.00 53.00  0.00 55.00  0.00 56.00  0.00 85.06 
4  52.00  0.00 53.00  0.00 56.00  0.00 57.00  0.00 46.19 
4  52.00  0.00 53.00  0.00 57.00  0.00 58.00  0.00 35.86 
4  52.00  0.00 53.00  0.00 58.00  0.00 59.00  0.00 36.93 
4  53.00  0.00 54.00  0.00 55.00  0.00 56.00  0.00 119.70 
4  53.00  0.00 54.00  0.00 56.00  0.00 57.00  0.00 70.93 
4  53.00  0.00 54.00  0.00 57.00  0.00 58.00  0.00 44.31 
4  53.00  0.00 54.00  0.00 58.00  0.00 59.00  0.00 38.75 
4  54.00  0.00 55.00  0.00 56.00  0.00 57.00  0.00 119.47 
4  54.00  0.00 55.00  0.00 57.00  0.00 58.00  0.00 68.56 
4  54.00  0.00 55.00  0.00 58.00  0.00 59.00  0.00 46.71 
4  55.00  0.00 56.00  0.00 57.00  0.00 58.00  0.00 125.45 
4  55.00  0.00 56.00  0.00 58.00  0.00 59.00  0.00 76.73 
4  56.00  0.00 57.00  0.00 58.00  0.00 59.00  0.00 125.14 
4  49.00  0.00 50.00  0.00 59.00  0.00 60.00  0.00 44.94 
4  50.00  0.00 51.00  0.00 59.00  0.00 60.00  0.00 38.61 
4  50.00  0.00 51.00  0.00 60.00  0.00 61.00  0.00 36.67 
4  51.00  0.00 52.00  0.00 59.00  0.00 60.00  0.00 44.05 
4  51.00  0.00 52.00  0.00 60.00  0.00 61.00  0.00 40.21 
4  51.00  0.00 52.00  0.00 61.00  0.00 62.00  0.00 28.55 
4  52.00  0.00 53.00  0.00 59.00  0.00 60.00  0.00 40.72 
4  52.00  0.00 53.00  0.00 60.00  0.00 61.00  0.00 32.83 
4  52.00  0.00 53.00  0.00 61.00  0.00 62.00  0.00 27.54 
4  52.00  0.00 53.00  0.00 62.00  0.00 63.00  0.00 29.91 
4  53.00  0.00 54.00  0.00 59.00  0.00 60.00  0.00 36.06 
4  53.00  0.00 54.00  0.00 60.00  0.00 61.00  0.00 31.56 
4  53.00  0.00 54.00  0.00 61.00  0.00 62.00  0.00 37.63 
4  53.00  0.00 54.00  0.00 62.00  0.00 63.00  0.00 31.12 
4  53.00  0.00 54.00  0.00 63.00  0.00 64.00  0.00 28.00 
4  54.00  0.00 55.00  0.00 59.00  0.00 60.00  0.00 41.15 
4  54.00  0.00 55.00  0.00 60.00  0.00 61.00  0.00 37.56 
4  54.00  0.00 55.00  0.00 61.00  0.00 62.00  0.00 31.38 
4  54.00  0.00 55.00  0.00 62.00  0.00 63.00  0.00 37.31 
4  54.00  0.00 55.00  0.00 63.00  0.00 64.00  0.00 37.95 
4  54.00  0.00 55.00  0.00 64.00  0.00 65.00  0.00 24.34 
4  55.00  0.00 56.00  0.00 59.00  0.00 60.00  0.00 52.91 
4  55.00  0.00 56.00  0.00 60.00  0.00 61.00  0.00 45.56 
4  55.00  0.00 56.00  0.00 61.00  0.00 62.00  0.00 40.14 
4  55.00  0.00 56.00  0.00 62.00  0.00 63.00  0.00 44.92 
4  55.00  0.00 56.00  0.00 63.00  0.00 64.00  0.00 45.58 
4  55.00  0.00 56.00  0.00 64.00  0.00 65.00  0.00 45.99 
4  55.00  0.00 56.00  0.00 65.00  0.00 66.00  0.00 36.82 
4  56.00  0.00 57.00  0.00 59.00  0.00 60.00  0.00 72.90 
4  56.00  0.00 57.00  0.00 60.00  0.00 61.00  0.00 50.86 
4  56.00  0.00 57.00  0.00 61.00  0.00 62.00  0.00 42.44 
4  56.00  0.00 57.00  0.00 62.00  0.00 63.00  0.00 49.70 
4  56.00  0.00 57.00  0.00 63.00  0.00 64.00  0.00 51.35 
4  56.00  0.00 57.00  0.00 64.00  0.00 65.00  0.00 37.56 
4  56.00  0.00 57.00  0.00 65.00  0.00 66.00  0.00 85.60 
4  56.00  0.00 57.00  0.00 66.00  0.00 67.00  0.00 50.17 
4  57.00  0.00 58.00  0.00 59.00  0.00 60.00  0.00 116.28 
4  57.00  0.00 58.00  0.00 60.00  0.00 61.00  0.00 64.95 
4  57.00  0.00 58.00  0.00 61.00  0.00 62.00  0.00 47.43 
4  57.00  0.00 58.00  0.00 62.00  0.00 63.00  0.00 50.30 
4  57.00  0.00 58.00  0.00 63.00  0.00 64.00  0.00 48.36 
4  57.00  0.00 58.00  0.00 64.00  0.00 65.00  0.00 49.99 
4  57.00  0.00 58.00  0.00 65.00  0.00 66.00  0.00 53.89 
4  57.00  0.00 58.00  0.00 66.00  0.00 67.00  0.00 42.04 
4  57.00  0.00 58.00  0.00 67.00  0.00 68.00  0.00 37.66 
4  58.00  0.00 59.00  0.00 60.00  0.00 61.00  0.00 103.81 
4  58.00  0.00 59.00  0.00 61.00  0.00 62.00  0.00 57.48 
4  58.00  0.00 59.00  0.00 62.00  0.00 63.00  0.00 55.97 
4  58.00  0.00 59.00  0.00 63.00  0.00 64.00  0.00 57.32 
4  58.00  0.00 59.00  0.00 64.00  0.00 65.00  0.00 53.01 
4  58.00  0.00 59.00  0.00 65.00  0.00 66.00  0.00 54.69 
4  58.00  0.00 59.00  0.00 66.00  0.00 67.00  0.00 48.20 
4  58.00  0.00 59.00  0.00 67.00  0.00 68.00  0.00 51.50 
4  58.00  0.00 59.00  0.00 68.00  0.00 69.00  0.00 47.03 
4  59.00  0.00 60.00  0.00 61.00  0.00 62.00  0.00 88.90 
4  59.00  0.00 60.00  0.00 62.00  0.00 63.00  0.00 67.03 
4  59.00  0.00 60.00  0.00 63.00  0.00 64.00  0.00 64.52 
4  59.00  0.00 60.00  0.00 64.00  0.00 65.00  0.00 59.41 
4  59.00  0.00 60.00  0.00 65.00  0.00 66.00  0.00 60.78 
4  59.00  0.00 60.00  0.00 66.00  0.00 67.00  0.00 59.53 
4  59.00  0.00 60.00  0.00 67.00  0.00 68.00  0.00 55.91 
4  59.00  0.00 60.00  0.00 68.00  0.00 69.00  0.00 43.98 
4  59.00  0.00 60.00  0.00 69.00  0.00 70.00  0.00 60.18 
4  60.00  0.00 61.00  0.00 62.00  0.00 63.00  0.00 90.80 
4  60.00  0.00 61.00  0.00 63.00  0.00 64.00  0.00 73.57 
4  60.00  0.00 61.00  0.00 64.00  0.00 65.00  0.00 60.91 
4  60.00  0.00 61.00  0.00 65.00  0.00 66.00  0.00 60.60 
4  60.00  0.00 61.00  0.00 66.00  0.00 67.00  0.00 60.22 
4  60.00  0.00 61.00  0.00 67.00  0.00 68.00  0.00 53.24 
4  60.00  0.00 61.00  0.00 68.00  0.00 69.00  0.00 57.26 
4  60.00  0.00 61.00  0.00 69.00  0.00 70.00  0.00 51.10 
4  60.00  0.00 61.00  0.00 70.00  0.00 71.00  0.00 25.06 
4  61.00  0.00 62.00  0.00 63.00  0.00 64.00  0.00 97.32 
4  61.00  0.00 62.00  0.00 64.00  0.00 65.00  0.00 68.88 
4  61.00  0.00 62.00  0.00 65.00  0.00 66.00  0.00 66.90 
4  61.00  0.00 62.00  0.00 66.00  0.00 67.00  0.00 63.30 
4  61.00  0.00 62.00  0.00 67.00  0.00 68.00  0.00 61.89 
4  61.00  0.00 62.00  0.00 68.00  0.00 69.00  0.00 59.19 
4  61.00  0.00 62.00  0.00 69.00  0.00 70.00  0.00 59.35 
4  61.00  0.00 62.00  0.00 70.00  0.00 71.00  0.00 54.21 
4  62.00  0.00 63.00  0.00 64.00  0.00 65.00  0.00 92.41 
4  62.00  0.00 63.00  0.00 65.00  0.00 66.00  0.00 82.89 
4  62.00  0.00 63.00  0.00 66.00  0.00 67.00  0.00 74.75 
4  62.00  0.00 63.00  0.00 67.00  0.00 68.00  0.00 70.06 
4  62.00  0.00 63.00  0.00 68.00  0.00 69.00  0.00 74.04 
4  62.00  0.00 63.00  0.00 69.00  0.00 70.00  0.00 63.51 
4  62.00  0.00 63.00  0.00 70.00  0.00 71.00  0.00 67.62 
4  63.00  0.00 64.00  0.00 65.00  0.00 66.00  0.00 121.58 
4  63.00  0.00 64.00  0.00 66.00  0.00 67.00  0.00 95.23 
4  63.00  0.00 64.00  0.00 67.00  0.00 68.00  0.00 83.23 
4  63.00  0.00 64.00  0.00 68.00  0.00 69.00  0.00 82.92 
4  63.00  0.00 64.00  0.00 69.00  0.00 70.00  0.00 78.76 
4  63.00  0.00 64.00  0.00 70.00  0.00 71.00  0.00 79.11 
4  64.00  0.00 65.00  0.00 66.00  0.00 67.00  0.00 120.71 
4  64.00  0.00 65.00  0.00 67.00  0.00 68.00  0.00 91.07 
4  64.00  0.00 65.00  0.00 68.00  0.00 69.00  0.00 86.65 
4  64.00  0.00 65.00  0.00 69.00  0.00 70.00  0.00 74.71 
4  64.00  0.00 65.00  0.00 70.00  0.00 71.00  0.00 75.37 
4  65.00  0.00 66.00  0.00 67.00  0.00 68.00  0.00 125.58 
4  65.00  0.00 66.00  0.00 68.00  0.00 69.00  0.00 100.78 
4  65.00  0.00 66.00  0.00 69.00  0.00 70.00  0.00 82.89 
4  65.00  0.00 66.00  0.00 70.00  0.00 71.00  0.00 83.44 
4  66.00  0.00 67.00  0.00 68.00  0.00 69.00  0.00 139.72 
4  66.00  0.00 67.00  0.00 69.00  0.00 70.00  0.00 94.46 
4  66.00  0.00 67.00  0.00 70.00  0.00 71.00  0.00 87.14 
4  67.00  0.00 68.00  0.00 69.00  0.00 70.00  0.00 123.42 
4  67.00  0.00 68.00  0.00 70.00  0.00 71.00  0.00 95.61 
4  68.00  0.00 69.00  0.00 70.00  0.00 71.00  0.00 136.01 
4  61.00  0.00 62.00  0.00 71.00  0.00 72.00  0.00 62.64 
4  62.00  0.00 63.00  0.00 71.00  0.00 72.00  0.00 64.96 
4  62.00  0.00 63.00  0.00 72.00  0.00 73.00  0.00 63.13 
4  63.00  0.00 64.00  0.00 71.00  0.00 72.00  0.00 83.47 
4  63.00  0.00 64.00  0.00 72.00  0.00 73.00  0.00 78.47 
4  63.00  0.00 64.00  0.00 73.00  0.00 74.00  0.00 67.63 
4  64.00  0.00 65.00  0.00 71.00  0.00 72.00  0.00 79.22 
4  64.00  0.00 65.00  0.00 72.00  0.00 73.00  0.00 78.07 
4  64.00  0.00 65.00  0.00 73.00  0.00 74.00  0.00 70.40 
4  64.00  0.00 65.00  0.00 74.00  0.00 75.00  0.00 101.75 
4  65.00  0.00 66.00  0.00 71.00  0.00 72.00  0.00 84.98 
4  65.00  0.00 66.00  0.00 72.00  0.00 73.00  0.00 84.11 
4  65.00  0.00 66.00  0.00 73.00  0.00 74.00  0.00 71.76 
4  65.00  0.00 66.00  0.00 74.00  0.00 75.00  0.00 79.88 
4  65.00  0.00 66.00  0.00 75.00  0.00 76.00  0.00 104.38 
4  66.00  0.00 67.00  0.00 71.00  0.00 72.00  0.00 84.49 
4  66.00  0.00 67.00  0.00 72.00  0.00 73.00  0.00 84.52 
4  66.00  0.00 67.00  0.00 73.00  0.00 74.00  0.00 77.82 
4  66.00  0.00 67.00  0.00 74.00  0.00 75.00  0.00 82.44 
4  66.00  0.00 67.00  0.00 75.00  0.00 76.00  0.00 90.38 
4  66.00  0.00 67.00  0.00 76.00  0.00 77.00  0.00 76.47 
4  67.00  0.00 68.00  0.00 71.00  0.00 72.00  0.00 83.07 
4  67.00  0.00 68.00  0.00 72.00  0.00 73.00  0.00 76.02 
4  67.00  0.00 68.00  0.00 73.00  0.00 74.00  0.00 77.78 
4  67.00  0.00 68.00  0.00 74.00  0.00 75.00  0.00 77.07 
4  67.00  0.00 68.00  0.00 75.00  0.00 76.00  0.00 95.82 
4  67.00  0.00 68.00  0.00 76.00  0.00 77.00  0.00 86.96 
4  67.00  0.00 68.00  0.00 77.00  0.00 78.00  0.00 76.25 
4  68.00  0.00 69.00  0.00 71.00  0.00 72.00  0.00 96.57 
4  68.00  0.00 69.00  0.00 72.00  0.00 73.00  0.00 81.01 
4  68.00  0.00 69.00  0.00 73.00  0.00 74.00  0.00 84.08 
4  68.00  0.00 69.00  0.00 74.00  0.00 75.00  0.00 85.92 
4  68.00  0.00 69.00  0.00 75.00  0.00 76.00  0.00 101.96 
4  68.00  0.00 69.00  0.00 76.00  0.00 77.00  0.00 94.66 
4  68.00  0.00 69.00  0.00 77.00  0.00 78.00  0.00 100.92 
4  68.00  0.00 69.00  0.00 78.00  0.00 79.00  0.00 116.06 
4  69.00  0.00 70.00  0.00 71.00  0.00 72.00  0.00 128.83 
4  69.00  0.00 70.00  0.00 72.00  0.00 73.00  0.00 79.30 
4  69.00  0.00 70.00  0.00 73.00  0.00 74.00  0.00 72.92 
4  69.00  0.00 70.00  0.00 74.00  0.00 75.00  0.00 77.03 
4  69.00  0.00 70.00  0.00 75.00  0.00 76.00  0.00 84.04 
4  69.00  0.00 70.00  0.00 76.00  0.00 77.00  0.00 86.20 
4  69.00  0.00 70.00  0.00 77.00  0.00 78.00  0.00 85.40 
4  69.00  0.00 70.00  0.00 78.00  0.00 79.00  0.00 84.13 
4  69.00  0.00 70.00  0.00 79.00  0.00 80.00  0.00 89.14 
4  70.00  0.00 71.00  0.00 72.00  0.00 73.00  0.00 112.95 
4  70.00  0.00 71.00  0.00 73.00  0.00 74.00  0.00 77.20 
4  70.00  0.00 71.00  0.00 74.00  0.00 75.00  0.00 75.89 
4  70.00  0.00 71.00  0.00 75.00  0.00 76.00  0.00 86.40 
4  70.00  0.00 71.00  0.00 76.00  0.00 77.00  0.00 93.08 
4  70.00  0.00 71.00  0.00 77.00  0.00 78.00  0.00 88.50 
4  70.00  0.00 71.00  0.00 78.00  0.00 79.00  0.00 89.43 
4  70.00  0.00 71.00  0.00 79.00  0.00 80.00  0.00 85.15 
4  70.00  0.00 71.00  0.00 80.00  0.00 81.00  0.00 68.90 
4  71.00  0.00 72.00  0.00 73.00  0.00 74.00  0.00 85.88 
4  71.00  0.00 72.00  0.00 74.00  0.00 75.00  0.00 69.91 
4  71.00  0.00 72.00  0.00 75.00  0.00 76.00  0.00 80.33 
4  71.00  0.00 72.00  0.00 76.00  0.00 77.00  0.00 84.48 
4  71.00  0.00 72.00  0.00 77.00  0.00 78.00  0.00 88.38 
4  71.00  0.00 72.00  0.00 78.00  0.00 79.00  0.00 96.73 
4  71.00  0.00 72.00  0.00 79.00  0.00 80.00  0.00 96.57 
4  71.00  0.00 72.00  0.00 80.00  0.00 81.00  0.00 94.26 
4  71.00  0.00 72.00  0.00 81.00  0.00 82.00  0.00 97.53 
4  72.00  0.00 73.00  0.00 74.00  0.00 75.00  0.00 90.52 
4  72.00  0.00 73.00  0.00 75.00  0.00 76.00  0.00 76.19 
4  72.00  0.00 73.00  0.00 76.00  0.00 77.00  0.00 80.55 
4  72.00  0.00 73.00  0.00 77.00  0.00 78.00  0.00 81.95 
4  72.00  0.00 73.00  0.00 78.00  0.00 79.00  0.00 87.10 
4  72.00  0.00 73.00  0.00 79.00  0.00 80.00  0.00 95.69 
4  72.00  0.00 73.00  0.00 80.00  0.00 81.00  0.00 93.39 
4  72.00  0.00 73.00  0.00 81.00  0.00 82.00  0.00 88.50 
4  72.00  0.00 73.00  0.00 82.00  0.00 83.00  0.00 76.03 
4  73.00  0.00 74.00  0.00 75.00  0.00 76.00  0.00 110.98 
4  73.00  0.00 74.00  0.00 76.00  0.00 77.00  0.00 82.33 
4  73.00  0.00 74.00  0.00 77.00  0.00 78.00  0.00 83.77 
4  73.00  0.00 74.00  0.00 78.00  0.00 79.00  0.00 86.54 
4  73.00  0.00 74.00  0.00 79.00  0.00 80.00  0.00 94.34 
4  73.00  0.00 74.00  0.00 80.00  0.00 81.00  0.00 104.51 
4  73.00  0.00 74.00  0.00 81.00  0.00 82.00  0.00 89.33 
4  73.00  0.00 74.00  0.00 82.00  0.00 83.00  0.00 83.46 
4  74.00  0.00 75.00  0.00 76.00  0.00 77.00  0.00 111.90 
4  74.00  0.00 75.00  0.00 77.00  0.00 78.00  0.00 83.61 
4  74.00  0.00 75.00  0.00 78.00  0.00 79.00  0.00 82.81 
4  74.00  0.00 75.00  0.00 79.00  0.00 80.00  0.00 92.63 
4  74.00  0.00 75.00  0.00 80.00  0.00 81.00  0.00 87.69 
4  74.00  0.00 75.00  0.00 81.00  0.00 82.00  0.00 85.72 
4  74.00  0.00 75.00  0.00 82.00  0.00 83.00  0.00 77.44 
4  75.00  0.00 76.00  0.00 77.00  0.00 78.00  0.00 119.87 
4  75.00  0.00 76.00  0.00 78.00  0.00 79.00  0.00 94.40 
4  75.00  0.00 76.00  0.00 79.00  0.00 80.00  0.00 101.50 
4  75.00  0.00 76.00  0.00 80.00  0.00 81.00  0.00 100.28 
4  75.00  0.00 76.00  0.00 81.00  0.00 82.00  0.00 93.60 
4  75.00  0.00 76.00  0.00 82.00  0.00 83.00  0.00 87.19 
4  76.00  0.00 77.00  0.00 78.00  0.00 79.00  0.00 129.16 
4  76.00  0.00 77.00  0.00 79.00  0.00 80.00  0.00 110.23 
4  76.00  0.00 77.00  0.00 80.00  0.00 81.00  0.00 107.15 
4  76.00  0.00 77.00  0.00 81.00  0.00 82.00  0.00 98.37 
4  76.00  0.00 77.00  0.00 82.00  0.00 83.00  0.00 86.33 
4  77.00  0.00 78.00  0.00 79.00  0.00 80.00  0.00 143.51 
4  77.00  0.00 78.00  0.00 80.00  0.00 81.00  0.00 116.59 
4  77.00  0.00 78.00  0.00 81.00  0.00 82.00  0.00 110.81 
4  77.00  0.00 78.00  0.00 82.00  0.00 83.00  0.00 90.62 
4  78.00  0.00 79.00  0.00 80.00  0.00 81.00  0.00 128.81 
4  78.00  0.00 79.00  0.00 81.00  0.00 82.00  0.00 113.65 
4  78.00  0.00 79.00  0.00 82.00  0.00 83.00  0.00 97.79 
4  79.00  0.00 80.00  0.00 81.00  0.00 82.00  0.00 129.92 
4  79.00  0.00 80.00  0.00 82.00  0.00 83.00  0.00 108.79 
4  80.00  0.00 81.00  0.00 82.00  0.00 83.00  0.00 116.84 
4  73.00  0.00 74.00  0.00 83.00  0.00 84.00  0.00 84.56 
4  74.00  0.00 75.00  0.00 83.00  0.00 84.00  0.00 80.45 
4  74.00  0.00 75.00  0.00 84.00  0.00 85.00  0.00 62.70 
4  75.00  0.00 76.00  0.00 83.00  0.00 84.00  0.00 75.79 
4  75.00  0.00 76.00  0.00 84.00  0.00 85.00  0.00 82.39 
4  75.00  0.00 76.00  0.00 85.00  0.00 86.00  0.00 63.84 
4  76.00  0.00 77.00  0.00 83.00  0.00 84.00  0.00 84.87 
4  76.00  0.00 77.00  0.00 84.00  0.00 85.00  0.00 76.28 
4  76.00  0.00 77.00  0.00 85.00  0.00 86.00  0.00 74.74 
4  76.00  0.00 77.00  0.00 86.00  0.00 87.00  0.00 65.36 
4  77.00  0.00 78.00  0.00 83.00  0.00 84.00  0.00 91.53 
4  77.00  0.00 78.00  0.00 84.00  0.00 85.00  0.00 78.58 
4  77.00  0.00 78.00  0.00 85.00  0.00 86.00  0.00 84.25 
4  77.00  0.00 78.00  0.00 86.00  0.00 87.00  0.00 74.02 
4  77.00  0.00 78.00  0.00 87.00  0.00 88.00  0.00 75.82 
4  78.00  0.00 79.00  0.00 83.00  0.00 84.00  0.00 95.76 
4  78.00  0.00 79.00  0.00 84.00  0.00 85.00  0.00 89.85 
4  78.00  0.00 79.00  0.00 85.00  0.00 86.00  0.00 85.32 
4  78.00  0.00 79.00  0.00 86.00  0.00 87.00  0.00 79.43 
4  78.00  0.00 79.00  0.00 87.00  0.00 88.00  0.00 77.66 
4  78.00  0.00 79.00  0.00 88.00  0.00 89.00  0.00 74.19 
4  79.00  0.00 80.00  0.00 83.00  0.00 84.00  0.00 105.52 
4  79.00  0.00 80.00  0.00 84.00  0.00 85.00  0.00 101.26 
4  79.00  0.00 80.00  0.00 85.00  0.00 86.00  0.00 101.70 
4  79.00  0.00 80.00  0.00 86.00  0.00 87.00  0.00 94.91 
4  79.00  0.00 80.00  0.00 87.00  0.00 88.00  0.00 89.02 
4  79.00  0.00 80.00  0.00 88.00  0.00 89.00  0.00 106.84 
4  79.00  0.00 80.00  0.00 89.00  0.00 90.00  0.00 115.32 
4  80.00  0.00 81.00  0.00 83.00  0.00 84.00  0.00 112.20 
4  80.00  0.00 81.00  0.00 84.00  0.00 85.00  0.00 105.03 
4  80.00  0.00 81.00  0.00 85.00  0.00 86.00  0.00 103.64 
4  80.00  0.00 81.00  0.00 86.00  0.00 87.00  0.00 97.28 
4  80.00  0.00 81.00  0.00 87.00  0.00 88.00  0.00 95.88 
4  80.00  0.00 81.00  0.00 88.00  0.00 89.00  0.00 95.79 
4  80.00  0.00 81.00  0.00 89.00  0.00 90.00  0.00 101.12 
4  80.00  0.00 81.00  0.00 90.00  0.00 91.00  0.00 67.72 
4  81.00  0.00 82.00  0.00 83.00  0.00 84.00  0.00 116.30 
4  81.00  0.00 82.00  0.00 84.00  0.00 85.00  0.00 109.43 
4  81.00  0.00 82.00  0.00 85.00  0.00 86.00  0.00 108.16 
4  81.00  0.00 82.00  0.00 86.00  0.00 87.00  0.00 100.03 
4  81.00  0.00 82.00  0.00 87.00  0.00 88.00  0.00 99.58 
4  81.00  0.00 82.00  0.00 88.00  0.00 89.00  0.00 105.71 
4  81.00  0.00 82.00  0.00 89.00  0.00 90.00  0.00 103.23 
4  81.00  0.00 82.00  0.00 90.00  0.00 91.00  0.00 89.29 
4  81.00  0.00 82.00  0.00 91.00  0.00 92.00  0.00 138.97 
4  82.00  0.00 83.00  0.00 84.00  0.00 85.00  0.00 98.68 
4  82.00  0.00 83.00  0.00 85.00  0.00 86.00  0.00 99.62 
4  82.00  0.00 83.00  0.00 86.00  0.00 87.00  0.00 94.45 
4  82.00  0.00 83.00  0.00 87.00  0.00 88.00  0.00 92.53 
4  82.00  0.00 83.00  0.00 88.00  0.00 89.00  0.00 93.57 
4  82.00  0.00 83.00  0.00 89.00  0.00 90.00  0.00 96.52 
4  82.00  0.00 83.00  0.00 90.00  0.00 91.00  0.00 81.94 
4  82.00  0.00 83.00  0.00 91.00  0.00 92.00  0.00 79.49 
4  82.00  0.00 83.00  0.00 92.00  0.00 93.00  0.00 213.04 
4  83.00  0.00 84.00  0.00 85.00  0.00 86.00  0.00 100.56 
4  83.00  0.00 84.00  0.00 86.00  0.00 87.00  0.00 100.23 
4  83.00  0.00 84.00  0.00 87.00  0.00 88.00  0.00 99.26 
4  83.00  0.00 84.00  0.00 88.00  0.00 89.00  0.00 104.36 
4  83.00  0.00 84.00  0.00 89.00  0.00 90.00  0.00 110.57 
4  83.00  0.00 84.00  0.00 90.00  0.00 91.00  0.00 93.28 
4  83.00  0.00 84.00  0.00 91.00  0.00 92.00  0.00 50.74 
4  83.00  0.00 84.00  0.00 92.00  0.00 93.00  0.00 176.51 
4  83.00  0.00 84.00  0.00 93.00  0.00 94.00  0.00 82.85 
4  84.00  0.00 85.00  0.00 86.00  0.00 87.00  0.00 100.86 
4  84.00  0.00 85.00  0.00 87.00  0.00 88.00  0.00 110.31 
4  84.00  0.00 85.00  0.00 88.00  0.00 89.00  0.00 112.75 
4  84.00  0.00 85.00  0.00 89.00  0.00 90.00  0.00 116.37 
4  84.00  0.00 85.00  0.00 90.00  0.00 91.00  0.00 94.52 
4  84.00  0.00 85.00  0.00 91.00  0.00 92.00  0.00 79.32 
4  84.00  0.00 85.00  0.00 92.00  0.00 93.00  0.00 70.91 
4  84.00  0.00 85.00  0.00 93.00  0.00 94.00  0.00 99.04 
4  84.00  0.00 85.00  0.00 94.00  0.00 95.00  0.00 84.23 
4  85.00  0.00 86.00  0.00 87.00  0.00 88.00  0.00 126.74 
4  85.00  0.00 86.00  0.00 88.00  0.00 89.00  0.00 129.05 
4  85.00  0.00 86.00  0.00 89.00  0.00 90.00  0.00 133.37 
4  85.00  0.00 86.00  0.00 90.00  0.00 91.00  0.00 107.48 
4  85.00  0.00 86.00  0.00 91.00  0.00 92.00  0.00 97.44 
4  85.00  0.00 86.00  0.00 92.00  0.00 93.00  0.00 74.40 
4  85.00  0.00 86.00  0.00 93.00  0.00 94.00  0.00 84.72 
4  85.00  0.00 86.00  0.00 94.00  0.00 95.00  0.00 91.09 
4  86.00  0.00 87.00  0.00 88.00  0.00 89.00  0.00 131.08 
4  86.00  0.00 87.00  0.00 89.00  0.00 90.00  0.00 132.48 
4  86.00  0.00 87.00  0.00 90.00  0.00 91.00  0.00 109.15 
4  86.00  0.00 87.00  0.00 91.00  0.00 92.00  0.00 94.60 
4  86.00  0.00 87.00  0.00 92.00  0.00 93.00  0.00 82.17 
4  86.00  0.00 87.00  0.00 93.00  0.00 94.00  0.00 76.82 
4  86.00  0.00 87.00  0.00 94.00  0.00 95.00  0.00 88.50 
4  87.00  0.00 88.00  0.00 89.00  0.00 90.00  0.00 143.43 
4  87.00  0.00 88.00  0.00 90.00  0.00 91.00  0.00 118.91 
4  87.00  0.00 88.00  0.00 91.00  0.00 92.00  0.00 113.21 
4  87.00  0.00 88.00  0.00 92.00  0.00 93.00  0.00 87.33 
4  87.00  0.00 88.00  0.00 93.00  0.00 94.00  0.00 89.53 
4  87.00  0.00 88.00  0.00 94.00  0.00 95.00  0.00 89.38 
4  88.00  0.00 89.00  0.00 90.00  0.00 91.00  0.00 130.95 
4  88.00  0.00 89.00  0.00 91.00  0.00 92.00  0.00 121.85 
4  88.00  0.00 89.00  0.00 92.00  0.00 93.00  0.00 103.67 
4  88.00  0.00 89.00  0.00 93.00  0.00 94.00  0.00 100.80 
4  88.00  0.00 89.00  0.00 94.00  0.00 95.00  0.00 97.55 
4  89.00  0.00 90.00  0.00 91.00  0.00 92.00  0.00 146.94 
4  89.00  0.00 90.00  0.00 92.00  0.00 93.00  0.00 128.25 
4  89.00  0.00 90.00  0.00 93.00  0.00 94.00  0.00 118.99 
4  89.00  0.00 90.00  0.00 94.00  0.00 95.00  0.00 111.81 
4  90.00  0.00 91.00  0.00 92.00  0.00 93.00  0.00 128.76 
4  90.00  0.00 91.00  0.00 93.00  0.00 94.00  0.00 128.01 
4  90.00  0.00 91.00  0.00 94.00  0.00 95.00  0.00 113.31 
4  91.00  0.00 92.00  0.00 93.00  0.00 94.00  0.00 130.19 
4  91.00  0.00 92.00  0.00 94.00  0.00 95.00  0.00 126.30 
4  92.00  0.00 93.00  0.00 94.00  0.00 95.00  0.00 122.69 
0
0
0
0
