mcline1.bin
         1.00
11
3
Type of measurement (0=app. resistivity,1=resistance)
0
801
 2
0
4  0.00  0.00 1.00  0.00 2.00  0.00 3.00  0.00 119.29 
4  0.00  0.00 1.00  0.00 3.00  0.00 4.00  0.00 73.56 
4  0.00  0.00 1.00  0.00 4.00  0.00 5.00  0.00 61.63 
4  0.00  0.00 1.00  0.00 5.00  0.00 6.00  0.00 50.95 
4  0.00  0.00 1.00  0.00 6.00  0.00 7.00  0.00 46.28 
4  0.00  0.00 1.00  0.00 7.00  0.00 8.00  0.00 55.63 
4  0.00  0.00 1.00  0.00 8.00  0.00 9.00  0.00 51.62 
4  0.00  0.00 1.00  0.00 9.00  0.00 10.00  0.00 72.77 
4  0.00  0.00 1.00  0.00 10.00  0.00 11.00  0.00 58.38 
4  1.00  0.00 2.00  0.00 3.00  0.00 4.00  0.00 116.09 
4  1.00  0.00 2.00  0.00 4.00  0.00 5.00  0.00 77.59 
4  1.00  0.00 2.00  0.00 5.00  0.00 6.00  0.00 58.36 
4  1.00  0.00 2.00  0.00 6.00  0.00 7.00  0.00 44.09 
4  1.00  0.00 2.00  0.00 7.00  0.00 8.00  0.00 52.15 
4  1.00  0.00 2.00  0.00 8.00  0.00 9.00  0.00 57.74 
4  1.00  0.00 2.00  0.00 9.00  0.00 10.00  0.00 58.70 
4  1.00  0.00 2.00  0.00 10.00  0.00 11.00  0.00 65.83 
4  1.00  0.00 2.00  0.00 11.00  0.00 12.00  0.00 48.09 
4  2.00  0.00 3.00  0.00 4.00  0.00 5.00  0.00 113.97 
4  2.00  0.00 3.00  0.00 5.00  0.00 6.00  0.00 72.92 
4  2.00  0.00 3.00  0.00 6.00  0.00 7.00  0.00 47.38 
4  2.00  0.00 3.00  0.00 7.00  0.00 8.00  0.00 51.49 
4  2.00  0.00 3.00  0.00 8.00  0.00 9.00  0.00 49.48 
4  2.00  0.00 3.00  0.00 9.00  0.00 10.00  0.00 54.44 
4  2.00  0.00 3.00  0.00 10.00  0.00 11.00  0.00 63.25 
4  2.00  0.00 3.00  0.00 11.00  0.00 12.00  0.00 63.12 
4  2.00  0.00 3.00  0.00 12.00  0.00 13.00  0.00 40.83 
4  3.00  0.00 4.00  0.00 5.00  0.00 6.00  0.00 110.15 
4  3.00  0.00 4.00  0.00 6.00  0.00 7.00  0.00 59.30 
4  3.00  0.00 4.00  0.00 7.00  0.00 8.00  0.00 53.16 
4  3.00  0.00 4.00  0.00 8.00  0.00 9.00  0.00 46.41 
4  3.00  0.00 4.00  0.00 9.00  0.00 10.00  0.00 47.36 
4  3.00  0.00 4.00  0.00 10.00  0.00 11.00  0.00 52.21 
4  3.00  0.00 4.00  0.00 11.00  0.00 12.00  0.00 61.96 
4  3.00  0.00 4.00  0.00 12.00  0.00 13.00  0.00 55.24 
4  3.00  0.00 4.00  0.00 13.00  0.00 14.00  0.00 52.14 
4  4.00  0.00 5.00  0.00 6.00  0.00 7.00  0.00 109.03 
4  4.00  0.00 5.00  0.00 7.00  0.00 8.00  0.00 76.80 
4  4.00  0.00 5.00  0.00 8.00  0.00 9.00  0.00 53.94 
4  4.00  0.00 5.00  0.00 9.00  0.00 10.00  0.00 50.17 
4  4.00  0.00 5.00  0.00 10.00  0.00 11.00  0.00 49.96 
4  4.00  0.00 5.00  0.00 11.00  0.00 12.00  0.00 51.98 
4  4.00  0.00 5.00  0.00 12.00  0.00 13.00  0.00 58.67 
4  4.00  0.00 5.00  0.00 13.00  0.00 14.00  0.00 51.68 
4  4.00  0.00 5.00  0.00 14.00  0.00 15.00  0.00 53.44 
4  5.00  0.00 6.00  0.00 7.00  0.00 8.00  0.00 140.93 
4  5.00  0.00 6.00  0.00 8.00  0.00 9.00  0.00 79.40 
4  5.00  0.00 6.00  0.00 9.00  0.00 10.00  0.00 61.25 
4  5.00  0.00 6.00  0.00 10.00  0.00 11.00  0.00 51.30 
4  5.00  0.00 6.00  0.00 11.00  0.00 12.00  0.00 50.81 
4  5.00  0.00 6.00  0.00 12.00  0.00 13.00  0.00 49.67 
4  5.00  0.00 6.00  0.00 13.00  0.00 14.00  0.00 44.34 
4  5.00  0.00 6.00  0.00 14.00  0.00 15.00  0.00 51.48 
4  5.00  0.00 6.00  0.00 15.00  0.00 16.00  0.00 78.79 
4  6.00  0.00 7.00  0.00 8.00  0.00 9.00  0.00 112.82 
4  6.00  0.00 7.00  0.00 9.00  0.00 10.00  0.00 74.20 
4  6.00  0.00 7.00  0.00 10.00  0.00 11.00  0.00 49.03 
4  6.00  0.00 7.00  0.00 11.00  0.00 12.00  0.00 43.03 
4  6.00  0.00 7.00  0.00 12.00  0.00 13.00  0.00 45.19 
4  6.00  0.00 7.00  0.00 13.00  0.00 14.00  0.00 45.78 
4  6.00  0.00 7.00  0.00 14.00  0.00 15.00  0.00 49.26 
4  6.00  0.00 7.00  0.00 15.00  0.00 16.00  0.00 58.23 
4  6.00  0.00 7.00  0.00 16.00  0.00 17.00  0.00 73.57 
4  7.00  0.00 8.00  0.00 9.00  0.00 10.00  0.00 127.52 
4  7.00  0.00 8.00  0.00 10.00  0.00 11.00  0.00 72.01 
4  7.00  0.00 8.00  0.00 11.00  0.00 12.00  0.00 47.79 
4  7.00  0.00 8.00  0.00 12.00  0.00 13.00  0.00 46.00 
4  7.00  0.00 8.00  0.00 13.00  0.00 14.00  0.00 48.51 
4  7.00  0.00 8.00  0.00 14.00  0.00 15.00  0.00 54.38 
4  7.00  0.00 8.00  0.00 15.00  0.00 16.00  0.00 59.35 
4  7.00  0.00 8.00  0.00 16.00  0.00 17.00  0.00 51.74 
4  7.00  0.00 8.00  0.00 17.00  0.00 18.00  0.00 57.23 
4  8.00  0.00 9.00  0.00 10.00  0.00 11.00  0.00 106.61 
4  8.00  0.00 9.00  0.00 11.00  0.00 12.00  0.00 59.12 
4  8.00  0.00 9.00  0.00 12.00  0.00 13.00  0.00 45.80 
4  8.00  0.00 9.00  0.00 13.00  0.00 14.00  0.00 42.40 
4  8.00  0.00 9.00  0.00 14.00  0.00 15.00  0.00 48.05 
4  8.00  0.00 9.00  0.00 15.00  0.00 16.00  0.00 51.75 
4  8.00  0.00 9.00  0.00 16.00  0.00 17.00  0.00 57.26 
4  8.00  0.00 9.00  0.00 17.00  0.00 18.00  0.00 65.28 
4  8.00  0.00 9.00  0.00 18.00  0.00 19.00  0.00 56.85 
4  9.00  0.00 10.00  0.00 11.00  0.00 12.00  0.00 99.75 
4  9.00  0.00 10.00  0.00 12.00  0.00 13.00  0.00 58.04 
4  9.00  0.00 10.00  0.00 13.00  0.00 14.00  0.00 51.20 
4  9.00  0.00 10.00  0.00 14.00  0.00 15.00  0.00 50.12 
4  9.00  0.00 10.00  0.00 15.00  0.00 16.00  0.00 51.34 
4  9.00  0.00 10.00  0.00 16.00  0.00 17.00  0.00 54.89 
4  9.00  0.00 10.00  0.00 17.00  0.00 18.00  0.00 65.96 
4  9.00  0.00 10.00  0.00 18.00  0.00 19.00  0.00 63.34 
4  9.00  0.00 10.00  0.00 19.00  0.00 20.00  0.00 51.53 
4  10.00  0.00 11.00  0.00 12.00  0.00 13.00  0.00 78.04 
4  10.00  0.00 11.00  0.00 13.00  0.00 14.00  0.00 55.35 
4  10.00  0.00 11.00  0.00 14.00  0.00 15.00  0.00 49.28 
4  10.00  0.00 11.00  0.00 15.00  0.00 16.00  0.00 48.41 
4  10.00  0.00 11.00  0.00 16.00  0.00 17.00  0.00 51.80 
4  10.00  0.00 11.00  0.00 17.00  0.00 18.00  0.00 56.24 
4  10.00  0.00 11.00  0.00 18.00  0.00 19.00  0.00 54.23 
4  10.00  0.00 11.00  0.00 19.00  0.00 20.00  0.00 63.49 
4  10.00  0.00 11.00  0.00 20.00  0.00 21.00  0.00 51.88 
4  11.00  0.00 12.00  0.00 13.00  0.00 14.00  0.00 74.09 
4  11.00  0.00 12.00  0.00 14.00  0.00 15.00  0.00 51.44 
4  11.00  0.00 12.00  0.00 15.00  0.00 16.00  0.00 47.18 
4  11.00  0.00 12.00  0.00 16.00  0.00 17.00  0.00 50.40 
4  11.00  0.00 12.00  0.00 17.00  0.00 18.00  0.00 53.70 
4  11.00  0.00 12.00  0.00 18.00  0.00 19.00  0.00 54.80 
4  11.00  0.00 12.00  0.00 19.00  0.00 20.00  0.00 57.58 
4  11.00  0.00 12.00  0.00 20.00  0.00 21.00  0.00 57.41 
4  11.00  0.00 12.00  0.00 21.00  0.00 22.00  0.00 50.42 
4  12.00  0.00 13.00  0.00 14.00  0.00 15.00  0.00 71.36 
4  12.00  0.00 13.00  0.00 15.00  0.00 16.00  0.00 50.44 
4  12.00  0.00 13.00  0.00 16.00  0.00 17.00  0.00 48.08 
4  12.00  0.00 13.00  0.00 17.00  0.00 18.00  0.00 49.51 
4  12.00  0.00 13.00  0.00 18.00  0.00 19.00  0.00 53.10 
4  12.00  0.00 13.00  0.00 19.00  0.00 20.00  0.00 53.71 
4  12.00  0.00 13.00  0.00 20.00  0.00 21.00  0.00 54.73 
4  12.00  0.00 13.00  0.00 21.00  0.00 22.00  0.00 39.41 
4  12.00  0.00 13.00  0.00 22.00  0.00 23.00  0.00 52.74 
4  13.00  0.00 14.00  0.00 15.00  0.00 16.00  0.00 74.57 
4  13.00  0.00 14.00  0.00 16.00  0.00 17.00  0.00 53.02 
4  13.00  0.00 14.00  0.00 17.00  0.00 18.00  0.00 48.35 
4  13.00  0.00 14.00  0.00 18.00  0.00 19.00  0.00 51.86 
4  13.00  0.00 14.00  0.00 19.00  0.00 20.00  0.00 53.75 
4  13.00  0.00 14.00  0.00 20.00  0.00 21.00  0.00 53.45 
4  13.00  0.00 14.00  0.00 21.00  0.00 22.00  0.00 48.35 
4  13.00  0.00 14.00  0.00 22.00  0.00 23.00  0.00 52.33 
4  14.00  0.00 15.00  0.00 16.00  0.00 17.00  0.00 76.85 
4  14.00  0.00 15.00  0.00 17.00  0.00 18.00  0.00 50.37 
4  14.00  0.00 15.00  0.00 18.00  0.00 19.00  0.00 48.38 
4  14.00  0.00 15.00  0.00 19.00  0.00 20.00  0.00 48.68 
4  14.00  0.00 15.00  0.00 20.00  0.00 21.00  0.00 44.84 
4  14.00  0.00 15.00  0.00 21.00  0.00 22.00  0.00 47.76 
4  14.00  0.00 15.00  0.00 22.00  0.00 23.00  0.00 46.82 
4  15.00  0.00 16.00  0.00 17.00  0.00 18.00  0.00 69.27 
4  15.00  0.00 16.00  0.00 18.00  0.00 19.00  0.00 51.05 
4  15.00  0.00 16.00  0.00 19.00  0.00 20.00  0.00 47.00 
4  15.00  0.00 16.00  0.00 20.00  0.00 21.00  0.00 40.49 
4  15.00  0.00 16.00  0.00 21.00  0.00 22.00  0.00 35.20 
4  15.00  0.00 16.00  0.00 22.00  0.00 23.00  0.00 45.72 
4  16.00  0.00 17.00  0.00 18.00  0.00 19.00  0.00 80.38 
4  16.00  0.00 17.00  0.00 19.00  0.00 20.00  0.00 57.23 
4  16.00  0.00 17.00  0.00 20.00  0.00 21.00  0.00 49.32 
4  16.00  0.00 17.00  0.00 21.00  0.00 22.00  0.00 41.16 
4  16.00  0.00 17.00  0.00 22.00  0.00 23.00  0.00 43.98 
4  17.00  0.00 18.00  0.00 19.00  0.00 20.00  0.00 77.89 
4  17.00  0.00 18.00  0.00 20.00  0.00 21.00  0.00 55.34 
4  17.00  0.00 18.00  0.00 21.00  0.00 22.00  0.00 41.20 
4  17.00  0.00 18.00  0.00 22.00  0.00 23.00  0.00 42.73 
4  18.00  0.00 19.00  0.00 20.00  0.00 21.00  0.00 77.55 
4  18.00  0.00 19.00  0.00 21.00  0.00 22.00  0.00 46.12 
4  18.00  0.00 19.00  0.00 22.00  0.00 23.00  0.00 43.36 
4  19.00  0.00 20.00  0.00 21.00  0.00 22.00  0.00 62.21 
4  19.00  0.00 20.00  0.00 22.00  0.00 23.00  0.00 45.54 
4  20.00  0.00 21.00  0.00 22.00  0.00 23.00  0.00 67.10 
4  13.00  0.00 14.00  0.00 23.00  0.00 24.00  0.00 42.11 
4  14.00  0.00 15.00  0.00 23.00  0.00 24.00  0.00 42.24 
4  14.00  0.00 15.00  0.00 24.00  0.00 25.00  0.00 50.58 
4  15.00  0.00 16.00  0.00 23.00  0.00 24.00  0.00 36.44 
4  15.00  0.00 16.00  0.00 24.00  0.00 25.00  0.00 36.04 
4  15.00  0.00 16.00  0.00 25.00  0.00 26.00  0.00 45.74 
4  16.00  0.00 17.00  0.00 23.00  0.00 24.00  0.00 39.77 
4  16.00  0.00 17.00  0.00 24.00  0.00 25.00  0.00 36.73 
4  16.00  0.00 17.00  0.00 25.00  0.00 26.00  0.00 38.42 
4  16.00  0.00 17.00  0.00 26.00  0.00 27.00  0.00 45.94 
4  17.00  0.00 18.00  0.00 23.00  0.00 24.00  0.00 40.08 
4  17.00  0.00 18.00  0.00 24.00  0.00 25.00  0.00 43.00 
4  17.00  0.00 18.00  0.00 25.00  0.00 26.00  0.00 39.06 
4  17.00  0.00 18.00  0.00 26.00  0.00 27.00  0.00 32.68 
4  17.00  0.00 18.00  0.00 27.00  0.00 28.00  0.00 51.18 
4  18.00  0.00 19.00  0.00 23.00  0.00 24.00  0.00 37.75 
4  18.00  0.00 19.00  0.00 24.00  0.00 25.00  0.00 35.94 
4  18.00  0.00 19.00  0.00 25.00  0.00 26.00  0.00 38.51 
4  18.00  0.00 19.00  0.00 26.00  0.00 27.00  0.00 42.29 
4  18.00  0.00 19.00  0.00 27.00  0.00 28.00  0.00 41.59 
4  18.00  0.00 19.00  0.00 28.00  0.00 29.00  0.00 40.22 
4  19.00  0.00 20.00  0.00 23.00  0.00 24.00  0.00 35.67 
4  19.00  0.00 20.00  0.00 24.00  0.00 25.00  0.00 34.18 
4  19.00  0.00 20.00  0.00 25.00  0.00 26.00  0.00 35.14 
4  19.00  0.00 20.00  0.00 26.00  0.00 27.00  0.00 39.55 
4  19.00  0.00 20.00  0.00 27.00  0.00 28.00  0.00 39.14 
4  19.00  0.00 20.00  0.00 28.00  0.00 29.00  0.00 50.57 
4  19.00  0.00 20.00  0.00 29.00  0.00 30.00  0.00 11.19 
4  20.00  0.00 21.00  0.00 23.00  0.00 24.00  0.00 39.39 
4  20.00  0.00 21.00  0.00 24.00  0.00 25.00  0.00 35.13 
4  20.00  0.00 21.00  0.00 25.00  0.00 26.00  0.00 35.84 
4  20.00  0.00 21.00  0.00 26.00  0.00 27.00  0.00 31.14 
4  20.00  0.00 21.00  0.00 27.00  0.00 28.00  0.00 33.52 
4  20.00  0.00 21.00  0.00 28.00  0.00 29.00  0.00 39.58 
4  20.00  0.00 21.00  0.00 29.00  0.00 30.00  0.00 28.40 
4  20.00  0.00 21.00  0.00 30.00  0.00 31.00  0.00 38.95 
4  21.00  0.00 22.00  0.00 23.00  0.00 24.00  0.00 55.74 
4  21.00  0.00 22.00  0.00 24.00  0.00 25.00  0.00 35.20 
4  21.00  0.00 22.00  0.00 25.00  0.00 26.00  0.00 29.64 
4  21.00  0.00 22.00  0.00 26.00  0.00 27.00  0.00 36.31 
4  21.00  0.00 22.00  0.00 27.00  0.00 28.00  0.00 33.27 
4  21.00  0.00 22.00  0.00 28.00  0.00 29.00  0.00 36.01 
4  21.00  0.00 22.00  0.00 29.00  0.00 30.00  0.00 41.25 
4  21.00  0.00 22.00  0.00 30.00  0.00 31.00  0.00 21.18 
4  21.00  0.00 22.00  0.00 31.00  0.00 32.00  0.00 16.73 
4  22.00  0.00 23.00  0.00 24.00  0.00 25.00  0.00 65.37 
4  22.00  0.00 23.00  0.00 25.00  0.00 26.00  0.00 41.94 
4  22.00  0.00 23.00  0.00 26.00  0.00 27.00  0.00 31.45 
4  22.00  0.00 23.00  0.00 27.00  0.00 28.00  0.00 28.22 
4  22.00  0.00 23.00  0.00 28.00  0.00 29.00  0.00 25.48 
4  22.00  0.00 23.00  0.00 29.00  0.00 30.00  0.00 26.11 
4  22.00  0.00 23.00  0.00 30.00  0.00 31.00  0.00 18.40 
4  22.00  0.00 23.00  0.00 31.00  0.00 32.00  0.00 55.07 
4  22.00  0.00 23.00  0.00 32.00  0.00 33.00  0.00 37.38 
4  23.00  0.00 24.00  0.00 25.00  0.00 26.00  0.00 81.04 
4  23.00  0.00 24.00  0.00 26.00  0.00 27.00  0.00 40.16 
4  23.00  0.00 24.00  0.00 27.00  0.00 28.00  0.00 23.65 
4  23.00  0.00 24.00  0.00 28.00  0.00 29.00  0.00 22.29 
4  23.00  0.00 24.00  0.00 29.00  0.00 30.00  0.00 27.62 
4  23.00  0.00 24.00  0.00 30.00  0.00 31.00  0.00 27.59 
4  23.00  0.00 24.00  0.00 31.00  0.00 32.00  0.00 29.65 
4  23.00  0.00 24.00  0.00 32.00  0.00 33.00  0.00 22.89 
4  23.00  0.00 24.00  0.00 33.00  0.00 34.00  0.00 21.18 
4  24.00  0.00 25.00  0.00 26.00  0.00 27.00  0.00 81.59 
4  24.00  0.00 25.00  0.00 27.00  0.00 28.00  0.00 36.19 
4  24.00  0.00 25.00  0.00 28.00  0.00 29.00  0.00 23.24 
4  24.00  0.00 25.00  0.00 29.00  0.00 30.00  0.00 22.53 
4  24.00  0.00 25.00  0.00 30.00  0.00 31.00  0.00 21.70 
4  24.00  0.00 25.00  0.00 31.00  0.00 32.00  0.00 24.37 
4  24.00  0.00 25.00  0.00 32.00  0.00 33.00  0.00 23.30 
4  24.00  0.00 25.00  0.00 33.00  0.00 34.00  0.00 25.56 
4  24.00  0.00 25.00  0.00 34.00  0.00 35.00  0.00 23.82 
4  25.00  0.00 26.00  0.00 27.00  0.00 28.00  0.00 66.20 
4  25.00  0.00 26.00  0.00 28.00  0.00 29.00  0.00 31.92 
4  25.00  0.00 26.00  0.00 29.00  0.00 30.00  0.00 20.35 
4  25.00  0.00 26.00  0.00 30.00  0.00 31.00  0.00 19.86 
4  25.00  0.00 26.00  0.00 31.00  0.00 32.00  0.00 20.33 
4  25.00  0.00 26.00  0.00 32.00  0.00 33.00  0.00 21.12 
4  25.00  0.00 26.00  0.00 33.00  0.00 34.00  0.00 27.27 
4  25.00  0.00 26.00  0.00 34.00  0.00 35.00  0.00 23.82 
4  26.00  0.00 27.00  0.00 28.00  0.00 29.00  0.00 85.93 
4  26.00  0.00 27.00  0.00 29.00  0.00 30.00  0.00 33.71 
4  26.00  0.00 27.00  0.00 30.00  0.00 31.00  0.00 21.88 
4  26.00  0.00 27.00  0.00 31.00  0.00 32.00  0.00 19.40 
4  26.00  0.00 27.00  0.00 32.00  0.00 33.00  0.00 19.58 
4  26.00  0.00 27.00  0.00 33.00  0.00 34.00  0.00 24.26 
4  26.00  0.00 27.00  0.00 34.00  0.00 35.00  0.00 28.79 
4  27.00  0.00 28.00  0.00 29.00  0.00 30.00  0.00 78.58 
4  27.00  0.00 28.00  0.00 30.00  0.00 31.00  0.00 34.43 
4  27.00  0.00 28.00  0.00 31.00  0.00 32.00  0.00 21.06 
4  27.00  0.00 28.00  0.00 32.00  0.00 33.00  0.00 18.29 
4  27.00  0.00 28.00  0.00 33.00  0.00 34.00  0.00 18.97 
4  27.00  0.00 28.00  0.00 34.00  0.00 35.00  0.00 21.44 
4  28.00  0.00 29.00  0.00 30.00  0.00 31.00  0.00 79.90 
4  28.00  0.00 29.00  0.00 31.00  0.00 32.00  0.00 34.34 
4  28.00  0.00 29.00  0.00 32.00  0.00 33.00  0.00 20.73 
4  28.00  0.00 29.00  0.00 33.00  0.00 34.00  0.00 17.92 
4  28.00  0.00 29.00  0.00 34.00  0.00 35.00  0.00 17.85 
4  29.00  0.00 30.00  0.00 31.00  0.00 32.00  0.00 80.52 
4  29.00  0.00 30.00  0.00 32.00  0.00 33.00  0.00 34.43 
4  29.00  0.00 30.00  0.00 33.00  0.00 34.00  0.00 19.07 
4  29.00  0.00 30.00  0.00 34.00  0.00 35.00  0.00 17.20 
4  30.00  0.00 31.00  0.00 32.00  0.00 33.00  0.00 88.79 
4  30.00  0.00 31.00  0.00 33.00  0.00 34.00  0.00 33.79 
4  30.00  0.00 31.00  0.00 34.00  0.00 35.00  0.00 20.33 
4  31.00  0.00 32.00  0.00 33.00  0.00 34.00  0.00 95.15 
4  31.00  0.00 32.00  0.00 34.00  0.00 35.00  0.00 44.84 
4  32.00  0.00 33.00  0.00 34.00  0.00 35.00  0.00 116.61 
4  25.00  0.00 26.00  0.00 35.00  0.00 36.00  0.00 30.72 
4  26.00  0.00 27.00  0.00 35.00  0.00 36.00  0.00 35.02 
4  26.00  0.00 27.00  0.00 36.00  0.00 37.00  0.00 35.08 
4  27.00  0.00 28.00  0.00 35.00  0.00 36.00  0.00 26.64 
4  27.00  0.00 28.00  0.00 36.00  0.00 37.00  0.00 24.99 
4  27.00  0.00 28.00  0.00 37.00  0.00 38.00  0.00 13.05 
4  28.00  0.00 29.00  0.00 35.00  0.00 36.00  0.00 18.13 
4  28.00  0.00 29.00  0.00 36.00  0.00 37.00  0.00 12.86 
4  28.00  0.00 29.00  0.00 37.00  0.00 38.00  0.00 23.82 
4  28.00  0.00 29.00  0.00 38.00  0.00 39.00  0.00 30.53 
4  29.00  0.00 30.00  0.00 35.00  0.00 36.00  0.00 14.44 
4  29.00  0.00 30.00  0.00 36.00  0.00 37.00  0.00 13.64 
4  29.00  0.00 30.00  0.00 37.00  0.00 38.00  0.00 11.14 
4  29.00  0.00 30.00  0.00 38.00  0.00 39.00  0.00 25.94 
4  29.00  0.00 30.00  0.00 39.00  0.00 40.00  0.00 14.37 
4  30.00  0.00 31.00  0.00 35.00  0.00 36.00  0.00 16.28 
4  30.00  0.00 31.00  0.00 36.00  0.00 37.00  0.00 17.92 
4  30.00  0.00 31.00  0.00 37.00  0.00 38.00  0.00 21.19 
4  30.00  0.00 31.00  0.00 38.00  0.00 39.00  0.00 34.89 
4  30.00  0.00 31.00  0.00 39.00  0.00 40.00  0.00 29.69 
4  30.00  0.00 31.00  0.00 40.00  0.00 41.00  0.00 24.34 
4  31.00  0.00 32.00  0.00 35.00  0.00 36.00  0.00 22.73 
4  31.00  0.00 32.00  0.00 36.00  0.00 37.00  0.00 16.18 
4  31.00  0.00 32.00  0.00 37.00  0.00 38.00  0.00 15.68 
4  31.00  0.00 32.00  0.00 38.00  0.00 39.00  0.00 17.99 
4  31.00  0.00 32.00  0.00 39.00  0.00 40.00  0.00 15.49 
4  31.00  0.00 32.00  0.00 40.00  0.00 41.00  0.00 22.03 
4  31.00  0.00 32.00  0.00 41.00  0.00 42.00  0.00 21.05 
4  32.00  0.00 33.00  0.00 35.00  0.00 36.00  0.00 47.82 
4  32.00  0.00 33.00  0.00 36.00  0.00 37.00  0.00 21.59 
4  32.00  0.00 33.00  0.00 37.00  0.00 38.00  0.00 16.81 
4  32.00  0.00 33.00  0.00 38.00  0.00 39.00  0.00 15.37 
4  32.00  0.00 33.00  0.00 39.00  0.00 40.00  0.00 15.75 
4  32.00  0.00 33.00  0.00 40.00  0.00 41.00  0.00 17.46 
4  32.00  0.00 33.00  0.00 41.00  0.00 42.00  0.00 26.88 
4  32.00  0.00 33.00  0.00 42.00  0.00 43.00  0.00 23.72 
4  33.00  0.00 34.00  0.00 35.00  0.00 36.00  0.00 98.14 
4  33.00  0.00 34.00  0.00 36.00  0.00 37.00  0.00 38.07 
4  33.00  0.00 34.00  0.00 37.00  0.00 38.00  0.00 21.97 
4  33.00  0.00 34.00  0.00 38.00  0.00 39.00  0.00 16.00 
4  33.00  0.00 34.00  0.00 39.00  0.00 40.00  0.00 15.58 
4  33.00  0.00 34.00  0.00 40.00  0.00 41.00  0.00 18.00 
4  33.00  0.00 34.00  0.00 41.00  0.00 42.00  0.00 14.58 
4  33.00  0.00 34.00  0.00 42.00  0.00 43.00  0.00 17.21 
4  33.00  0.00 34.00  0.00 43.00  0.00 44.00  0.00 23.78 
4  34.00  0.00 35.00  0.00 36.00  0.00 37.00  0.00 82.23 
4  34.00  0.00 35.00  0.00 37.00  0.00 38.00  0.00 39.99 
4  34.00  0.00 35.00  0.00 38.00  0.00 39.00  0.00 23.48 
4  34.00  0.00 35.00  0.00 39.00  0.00 40.00  0.00 12.65 
4  34.00  0.00 35.00  0.00 40.00  0.00 41.00  0.00 13.53 
4  34.00  0.00 35.00  0.00 41.00  0.00 42.00  0.00 13.70 
4  34.00  0.00 35.00  0.00 42.00  0.00 43.00  0.00 19.11 
4  34.00  0.00 35.00  0.00 43.00  0.00 44.00  0.00 30.91 
4  34.00  0.00 35.00  0.00 44.00  0.00 45.00  0.00 33.08 
4  35.00  0.00 36.00  0.00 37.00  0.00 38.00  0.00 93.36 
4  35.00  0.00 36.00  0.00 38.00  0.00 39.00  0.00 52.73 
4  35.00  0.00 36.00  0.00 39.00  0.00 40.00  0.00 20.92 
4  35.00  0.00 36.00  0.00 40.00  0.00 41.00  0.00 15.41 
4  35.00  0.00 36.00  0.00 41.00  0.00 42.00  0.00 14.79 
4  35.00  0.00 36.00  0.00 42.00  0.00 43.00  0.00 14.54 
4  35.00  0.00 36.00  0.00 43.00  0.00 44.00  0.00 17.68 
4  35.00  0.00 36.00  0.00 44.00  0.00 45.00  0.00 19.37 
4  35.00  0.00 36.00  0.00 45.00  0.00 46.00  0.00 20.71 
4  36.00  0.00 37.00  0.00 38.00  0.00 39.00  0.00 109.14 
4  36.00  0.00 37.00  0.00 39.00  0.00 40.00  0.00 39.42 
4  36.00  0.00 37.00  0.00 40.00  0.00 41.00  0.00 21.43 
4  36.00  0.00 37.00  0.00 41.00  0.00 42.00  0.00 13.61 
4  36.00  0.00 37.00  0.00 42.00  0.00 43.00  0.00 14.89 
4  36.00  0.00 37.00  0.00 43.00  0.00 44.00  0.00 12.91 
4  36.00  0.00 37.00  0.00 44.00  0.00 45.00  0.00 15.41 
4  36.00  0.00 37.00  0.00 45.00  0.00 46.00  0.00 20.80 
4  36.00  0.00 37.00  0.00 46.00  0.00 47.00  0.00 25.54 
4  37.00  0.00 38.00  0.00 39.00  0.00 40.00  0.00 79.77 
4  37.00  0.00 38.00  0.00 40.00  0.00 41.00  0.00 38.10 
4  37.00  0.00 38.00  0.00 41.00  0.00 42.00  0.00 18.95 
4  37.00  0.00 38.00  0.00 42.00  0.00 43.00  0.00 14.01 
4  37.00  0.00 38.00  0.00 43.00  0.00 44.00  0.00 14.29 
4  37.00  0.00 38.00  0.00 44.00  0.00 45.00  0.00 11.92 
4  37.00  0.00 38.00  0.00 45.00  0.00 46.00  0.00 18.06 
4  37.00  0.00 38.00  0.00 46.00  0.00 47.00  0.00 19.22 
4  38.00  0.00 39.00  0.00 40.00  0.00 41.00  0.00 105.74 
4  38.00  0.00 39.00  0.00 41.00  0.00 42.00  0.00 46.28 
4  38.00  0.00 39.00  0.00 42.00  0.00 43.00  0.00 23.45 
4  38.00  0.00 39.00  0.00 43.00  0.00 44.00  0.00 14.99 
4  38.00  0.00 39.00  0.00 44.00  0.00 45.00  0.00 11.94 
4  38.00  0.00 39.00  0.00 45.00  0.00 46.00  0.00 14.57 
4  38.00  0.00 39.00  0.00 46.00  0.00 47.00  0.00 13.80 
4  39.00  0.00 40.00  0.00 41.00  0.00 42.00  0.00 89.13 
4  39.00  0.00 40.00  0.00 42.00  0.00 43.00  0.00 45.42 
4  39.00  0.00 40.00  0.00 43.00  0.00 44.00  0.00 20.82 
4  39.00  0.00 40.00  0.00 44.00  0.00 45.00  0.00 15.28 
4  39.00  0.00 40.00  0.00 45.00  0.00 46.00  0.00 11.34 
4  39.00  0.00 40.00  0.00 46.00  0.00 47.00  0.00 13.12 
4  40.00  0.00 41.00  0.00 42.00  0.00 43.00  0.00 104.68 
4  40.00  0.00 41.00  0.00 43.00  0.00 44.00  0.00 50.35 
4  40.00  0.00 41.00  0.00 44.00  0.00 45.00  0.00 25.75 
4  40.00  0.00 41.00  0.00 45.00  0.00 46.00  0.00 16.92 
4  40.00  0.00 41.00  0.00 46.00  0.00 47.00  0.00 12.19 
4  41.00  0.00 42.00  0.00 43.00  0.00 44.00  0.00 102.65 
4  41.00  0.00 42.00  0.00 44.00  0.00 45.00  0.00 56.19 
4  41.00  0.00 42.00  0.00 45.00  0.00 46.00  0.00 28.30 
4  41.00  0.00 42.00  0.00 46.00  0.00 47.00  0.00 19.19 
4  42.00  0.00 43.00  0.00 44.00  0.00 45.00  0.00 120.17 
4  42.00  0.00 43.00  0.00 45.00  0.00 46.00  0.00 58.88 
4  42.00  0.00 43.00  0.00 46.00  0.00 47.00  0.00 31.92 
4  43.00  0.00 44.00  0.00 45.00  0.00 46.00  0.00 100.45 
4  43.00  0.00 44.00  0.00 46.00  0.00 47.00  0.00 55.95 
4  44.00  0.00 45.00  0.00 46.00  0.00 47.00  0.00 115.64 
4  37.00  0.00 38.00  0.00 47.00  0.00 48.00  0.00 8.22 
4  38.00  0.00 39.00  0.00 47.00  0.00 48.00  0.00 24.40 
4  38.00  0.00 39.00  0.00 48.00  0.00 49.00  0.00 11.18 
4  39.00  0.00 40.00  0.00 47.00  0.00 48.00  0.00 19.95 
4  39.00  0.00 40.00  0.00 48.00  0.00 49.00  0.00 57.45 
4  39.00  0.00 40.00  0.00 49.00  0.00 50.00  0.00 25.01 
4  40.00  0.00 41.00  0.00 47.00  0.00 48.00  0.00 16.31 
4  40.00  0.00 41.00  0.00 48.00  0.00 49.00  0.00 19.12 
4  40.00  0.00 41.00  0.00 49.00  0.00 50.00  0.00 19.41 
4  40.00  0.00 41.00  0.00 50.00  0.00 51.00  0.00 17.32 
4  41.00  0.00 42.00  0.00 47.00  0.00 48.00  0.00 16.86 
4  41.00  0.00 42.00  0.00 48.00  0.00 49.00  0.00 18.50 
4  41.00  0.00 42.00  0.00 49.00  0.00 50.00  0.00 10.66 
4  41.00  0.00 42.00  0.00 50.00  0.00 51.00  0.00 8.23 
4  41.00  0.00 42.00  0.00 51.00  0.00 52.00  0.00 26.82 
4  42.00  0.00 43.00  0.00 47.00  0.00 48.00  0.00 24.25 
4  42.00  0.00 43.00  0.00 48.00  0.00 49.00  0.00 22.04 
4  42.00  0.00 43.00  0.00 49.00  0.00 50.00  0.00 17.76 
4  42.00  0.00 43.00  0.00 50.00  0.00 51.00  0.00 16.18 
4  42.00  0.00 43.00  0.00 51.00  0.00 52.00  0.00 34.55 
4  42.00  0.00 43.00  0.00 52.00  0.00 53.00  0.00 26.83 
4  43.00  0.00 44.00  0.00 47.00  0.00 48.00  0.00 35.68 
4  43.00  0.00 44.00  0.00 48.00  0.00 49.00  0.00 25.28 
4  43.00  0.00 44.00  0.00 49.00  0.00 50.00  0.00 18.33 
4  43.00  0.00 44.00  0.00 50.00  0.00 51.00  0.00 18.05 
4  43.00  0.00 44.00  0.00 51.00  0.00 52.00  0.00 16.15 
4  43.00  0.00 44.00  0.00 52.00  0.00 53.00  0.00 20.60 
4  43.00  0.00 44.00  0.00 53.00  0.00 54.00  0.00 35.05 
4  44.00  0.00 45.00  0.00 47.00  0.00 48.00  0.00 72.67 
4  44.00  0.00 45.00  0.00 48.00  0.00 49.00  0.00 44.52 
4  44.00  0.00 45.00  0.00 49.00  0.00 50.00  0.00 26.42 
4  44.00  0.00 45.00  0.00 50.00  0.00 51.00  0.00 16.50 
4  44.00  0.00 45.00  0.00 51.00  0.00 52.00  0.00 17.99 
4  44.00  0.00 45.00  0.00 52.00  0.00 53.00  0.00 21.18 
4  44.00  0.00 45.00  0.00 53.00  0.00 54.00  0.00 16.93 
4  44.00  0.00 45.00  0.00 54.00  0.00 55.00  0.00 29.37 
4  45.00  0.00 46.00  0.00 47.00  0.00 48.00  0.00 145.20 
4  45.00  0.00 46.00  0.00 48.00  0.00 49.00  0.00 96.01 
4  45.00  0.00 46.00  0.00 49.00  0.00 50.00  0.00 48.10 
4  45.00  0.00 46.00  0.00 50.00  0.00 51.00  0.00 27.22 
4  45.00  0.00 46.00  0.00 51.00  0.00 52.00  0.00 17.37 
4  45.00  0.00 46.00  0.00 52.00  0.00 53.00  0.00 17.54 
4  45.00  0.00 46.00  0.00 53.00  0.00 54.00  0.00 21.40 
4  45.00  0.00 46.00  0.00 54.00  0.00 55.00  0.00 27.83 
4  45.00  0.00 46.00  0.00 55.00  0.00 56.00  0.00 28.03 
4  46.00  0.00 47.00  0.00 48.00  0.00 49.00  0.00 145.28 
4  46.00  0.00 47.00  0.00 49.00  0.00 50.00  0.00 89.59 
4  46.00  0.00 47.00  0.00 50.00  0.00 51.00  0.00 44.23 
4  46.00  0.00 47.00  0.00 51.00  0.00 52.00  0.00 24.69 
4  46.00  0.00 47.00  0.00 52.00  0.00 53.00  0.00 20.99 
4  46.00  0.00 47.00  0.00 53.00  0.00 54.00  0.00 19.05 
4  46.00  0.00 47.00  0.00 54.00  0.00 55.00  0.00 23.32 
4  46.00  0.00 47.00  0.00 55.00  0.00 56.00  0.00 43.71 
4  46.00  0.00 47.00  0.00 56.00  0.00 57.00  0.00 20.75 
4  47.00  0.00 48.00  0.00 49.00  0.00 50.00  0.00 144.94 
4  47.00  0.00 48.00  0.00 50.00  0.00 51.00  0.00 85.75 
4  47.00  0.00 48.00  0.00 51.00  0.00 52.00  0.00 44.86 
4  47.00  0.00 48.00  0.00 52.00  0.00 53.00  0.00 28.24 
4  47.00  0.00 48.00  0.00 53.00  0.00 54.00  0.00 23.62 
4  47.00  0.00 48.00  0.00 54.00  0.00 55.00  0.00 26.79 
4  47.00  0.00 48.00  0.00 55.00  0.00 56.00  0.00 29.23 
4  47.00  0.00 48.00  0.00 56.00  0.00 57.00  0.00 33.45 
4  47.00  0.00 48.00  0.00 57.00  0.00 58.00  0.00 34.14 
4  48.00  0.00 49.00  0.00 50.00  0.00 51.00  0.00 137.71 
4  48.00  0.00 49.00  0.00 51.00  0.00 52.00  0.00 80.16 
4  48.00  0.00 49.00  0.00 52.00  0.00 53.00  0.00 46.90 
4  48.00  0.00 49.00  0.00 53.00  0.00 54.00  0.00 28.22 
4  48.00  0.00 49.00  0.00 54.00  0.00 55.00  0.00 24.20 
4  48.00  0.00 49.00  0.00 55.00  0.00 56.00  0.00 28.71 
4  48.00  0.00 49.00  0.00 56.00  0.00 57.00  0.00 25.70 
4  48.00  0.00 49.00  0.00 57.00  0.00 58.00  0.00 28.36 
4  48.00  0.00 49.00  0.00 58.00  0.00 59.00  0.00 38.38 
4  49.00  0.00 50.00  0.00 51.00  0.00 52.00  0.00 119.65 
4  49.00  0.00 50.00  0.00 52.00  0.00 53.00  0.00 80.00 
4  49.00  0.00 50.00  0.00 53.00  0.00 54.00  0.00 46.32 
4  49.00  0.00 50.00  0.00 54.00  0.00 55.00  0.00 30.22 
4  49.00  0.00 50.00  0.00 55.00  0.00 56.00  0.00 26.59 
4  49.00  0.00 50.00  0.00 56.00  0.00 57.00  0.00 28.75 
4  49.00  0.00 50.00  0.00 57.00  0.00 58.00  0.00 31.03 
4  49.00  0.00 50.00  0.00 58.00  0.00 59.00  0.00 28.46 
4  50.00  0.00 51.00  0.00 52.00  0.00 53.00  0.00 126.19 
4  50.00  0.00 51.00  0.00 53.00  0.00 54.00  0.00 82.84 
4  50.00  0.00 51.00  0.00 54.00  0.00 55.00  0.00 47.93 
4  50.00  0.00 51.00  0.00 55.00  0.00 56.00  0.00 35.65 
4  50.00  0.00 51.00  0.00 56.00  0.00 57.00  0.00 31.08 
4  50.00  0.00 51.00  0.00 57.00  0.00 58.00  0.00 39.31 
4  50.00  0.00 51.00  0.00 58.00  0.00 59.00  0.00 30.73 
4  51.00  0.00 52.00  0.00 53.00  0.00 54.00  0.00 116.52 
4  51.00  0.00 52.00  0.00 54.00  0.00 55.00  0.00 76.62 
4  51.00  0.00 52.00  0.00 55.00  0.00 56.00  0.00 49.71 
4  51.00  0.00 52.00  0.00 56.00  0.00 57.00  0.00 34.44 
4  51.00  0.00 52.00  0.00 57.00  0.00 58.00  0.00 32.57 
4  51.00  0.00 52.00  0.00 58.00  0.00 59.00  0.00 37.98 
4  52.00  0.00 53.00  0.00 54.00  0.00 55.00  0.00 113.21 
4  52.00  0.00 53.00  0.00 55.00  0.00 56.00  0.00 80.87 
4  52.00  0.00 53.00  0.00 56.00  0.00 57.00  0.00 46.69 
4  52.00  0.00 53.00  0.00 57.00  0.00 58.00  0.00 35.77 
4  52.00  0.00 53.00  0.00 58.00  0.00 59.00  0.00 31.05 
4  53.00  0.00 54.00  0.00 55.00  0.00 56.00  0.00 116.63 
4  53.00  0.00 54.00  0.00 56.00  0.00 57.00  0.00 71.67 
4  53.00  0.00 54.00  0.00 57.00  0.00 58.00  0.00 43.27 
4  53.00  0.00 54.00  0.00 58.00  0.00 59.00  0.00 36.80 
4  54.00  0.00 55.00  0.00 56.00  0.00 57.00  0.00 116.68 
4  54.00  0.00 55.00  0.00 57.00  0.00 58.00  0.00 69.95 
4  54.00  0.00 55.00  0.00 58.00  0.00 59.00  0.00 44.68 
4  55.00  0.00 56.00  0.00 57.00  0.00 58.00  0.00 122.09 
4  55.00  0.00 56.00  0.00 58.00  0.00 59.00  0.00 74.15 
4  56.00  0.00 57.00  0.00 58.00  0.00 59.00  0.00 122.47 
4  49.00  0.00 50.00  0.00 59.00  0.00 60.00  0.00 49.60 
4  50.00  0.00 51.00  0.00 59.00  0.00 60.00  0.00 36.67 
4  50.00  0.00 51.00  0.00 60.00  0.00 61.00  0.00 31.80 
4  51.00  0.00 52.00  0.00 59.00  0.00 60.00  0.00 26.80 
4  51.00  0.00 52.00  0.00 60.00  0.00 61.00  0.00 43.26 
4  51.00  0.00 52.00  0.00 61.00  0.00 62.00  0.00 25.45 
4  52.00  0.00 53.00  0.00 59.00  0.00 60.00  0.00 40.73 
4  52.00  0.00 53.00  0.00 60.00  0.00 61.00  0.00 32.28 
4  52.00  0.00 53.00  0.00 61.00  0.00 62.00  0.00 32.41 
4  52.00  0.00 53.00  0.00 62.00  0.00 63.00  0.00 45.51 
4  53.00  0.00 54.00  0.00 59.00  0.00 60.00  0.00 38.37 
4  53.00  0.00 54.00  0.00 60.00  0.00 61.00  0.00 40.55 
4  53.00  0.00 54.00  0.00 61.00  0.00 62.00  0.00 32.82 
4  53.00  0.00 54.00  0.00 62.00  0.00 63.00  0.00 30.13 
4  53.00  0.00 54.00  0.00 63.00  0.00 64.00  0.00 26.91 
4  54.00  0.00 55.00  0.00 59.00  0.00 60.00  0.00 41.87 
4  54.00  0.00 55.00  0.00 60.00  0.00 61.00  0.00 36.48 
4  54.00  0.00 55.00  0.00 61.00  0.00 62.00  0.00 39.92 
4  54.00  0.00 55.00  0.00 62.00  0.00 63.00  0.00 49.36 
4  54.00  0.00 55.00  0.00 63.00  0.00 64.00  0.00 42.42 
4  54.00  0.00 55.00  0.00 64.00  0.00 65.00  0.00 26.61 
4  55.00  0.00 56.00  0.00 59.00  0.00 60.00  0.00 51.93 
4  55.00  0.00 56.00  0.00 60.00  0.00 61.00  0.00 43.28 
4  55.00  0.00 56.00  0.00 61.00  0.00 62.00  0.00 41.02 
4  55.00  0.00 56.00  0.00 62.00  0.00 63.00  0.00 42.74 
4  55.00  0.00 56.00  0.00 63.00  0.00 64.00  0.00 46.81 
4  55.00  0.00 56.00  0.00 64.00  0.00 65.00  0.00 43.13 
4  55.00  0.00 56.00  0.00 65.00  0.00 66.00  0.00 55.20 
4  56.00  0.00 57.00  0.00 59.00  0.00 60.00  0.00 76.69 
4  56.00  0.00 57.00  0.00 60.00  0.00 61.00  0.00 50.98 
4  56.00  0.00 57.00  0.00 61.00  0.00 62.00  0.00 42.20 
4  56.00  0.00 57.00  0.00 62.00  0.00 63.00  0.00 48.25 
4  56.00  0.00 57.00  0.00 63.00  0.00 64.00  0.00 49.37 
4  56.00  0.00 57.00  0.00 64.00  0.00 65.00  0.00 45.36 
4  56.00  0.00 57.00  0.00 65.00  0.00 66.00  0.00 55.04 
4  56.00  0.00 57.00  0.00 66.00  0.00 67.00  0.00 42.55 
4  57.00  0.00 58.00  0.00 59.00  0.00 60.00  0.00 124.38 
4  57.00  0.00 58.00  0.00 60.00  0.00 61.00  0.00 68.82 
4  57.00  0.00 58.00  0.00 61.00  0.00 62.00  0.00 46.94 
4  57.00  0.00 58.00  0.00 62.00  0.00 63.00  0.00 50.14 
4  57.00  0.00 58.00  0.00 63.00  0.00 64.00  0.00 56.90 
4  57.00  0.00 58.00  0.00 64.00  0.00 65.00  0.00 45.94 
4  57.00  0.00 58.00  0.00 65.00  0.00 66.00  0.00 40.56 
4  57.00  0.00 58.00  0.00 66.00  0.00 67.00  0.00 60.83 
4  57.00  0.00 58.00  0.00 67.00  0.00 68.00  0.00 35.50 
4  58.00  0.00 59.00  0.00 60.00  0.00 61.00  0.00 106.92 
4  58.00  0.00 59.00  0.00 61.00  0.00 62.00  0.00 56.78 
4  58.00  0.00 59.00  0.00 62.00  0.00 63.00  0.00 53.25 
4  58.00  0.00 59.00  0.00 63.00  0.00 64.00  0.00 53.93 
4  58.00  0.00 59.00  0.00 64.00  0.00 65.00  0.00 47.21 
4  58.00  0.00 59.00  0.00 65.00  0.00 66.00  0.00 53.45 
4  58.00  0.00 59.00  0.00 66.00  0.00 67.00  0.00 50.48 
4  58.00  0.00 59.00  0.00 67.00  0.00 68.00  0.00 40.62 
4  58.00  0.00 59.00  0.00 68.00  0.00 69.00  0.00 62.85 
4  59.00  0.00 60.00  0.00 61.00  0.00 62.00  0.00 97.32 
4  59.00  0.00 60.00  0.00 62.00  0.00 63.00  0.00 70.01 
4  59.00  0.00 60.00  0.00 63.00  0.00 64.00  0.00 63.21 
4  59.00  0.00 60.00  0.00 64.00  0.00 65.00  0.00 57.45 
4  59.00  0.00 60.00  0.00 65.00  0.00 66.00  0.00 55.34 
4  59.00  0.00 60.00  0.00 66.00  0.00 67.00  0.00 54.30 
4  59.00  0.00 60.00  0.00 67.00  0.00 68.00  0.00 48.51 
4  59.00  0.00 60.00  0.00 68.00  0.00 69.00  0.00 51.28 
4  59.00  0.00 60.00  0.00 69.00  0.00 70.00  0.00 50.10 
4  60.00  0.00 61.00  0.00 62.00  0.00 63.00  0.00 100.99 
4  60.00  0.00 61.00  0.00 63.00  0.00 64.00  0.00 75.10 
4  60.00  0.00 61.00  0.00 64.00  0.00 65.00  0.00 60.07 
4  60.00  0.00 61.00  0.00 65.00  0.00 66.00  0.00 62.17 
4  60.00  0.00 61.00  0.00 66.00  0.00 67.00  0.00 55.47 
4  60.00  0.00 61.00  0.00 67.00  0.00 68.00  0.00 56.57 
4  60.00  0.00 61.00  0.00 68.00  0.00 69.00  0.00 55.81 
4  60.00  0.00 61.00  0.00 69.00  0.00 70.00  0.00 49.54 
4  60.00  0.00 61.00  0.00 70.00  0.00 71.00  0.00 65.43 
4  61.00  0.00 62.00  0.00 63.00  0.00 64.00  0.00 103.40 
4  61.00  0.00 62.00  0.00 64.00  0.00 65.00  0.00 71.16 
4  61.00  0.00 62.00  0.00 65.00  0.00 66.00  0.00 65.87 
4  61.00  0.00 62.00  0.00 66.00  0.00 67.00  0.00 62.88 
4  61.00  0.00 62.00  0.00 67.00  0.00 68.00  0.00 57.71 
4  61.00  0.00 62.00  0.00 68.00  0.00 69.00  0.00 60.21 
4  61.00  0.00 62.00  0.00 69.00  0.00 70.00  0.00 57.91 
4  61.00  0.00 62.00  0.00 70.00  0.00 71.00  0.00 63.00 
4  62.00  0.00 63.00  0.00 64.00  0.00 65.00  0.00 101.59 
4  62.00  0.00 63.00  0.00 65.00  0.00 66.00  0.00 85.12 
4  62.00  0.00 63.00  0.00 66.00  0.00 67.00  0.00 75.60 
4  62.00  0.00 63.00  0.00 67.00  0.00 68.00  0.00 69.53 
4  62.00  0.00 63.00  0.00 68.00  0.00 69.00  0.00 73.80 
4  62.00  0.00 63.00  0.00 69.00  0.00 70.00  0.00 65.76 
4  62.00  0.00 63.00  0.00 70.00  0.00 71.00  0.00 63.49 
4  63.00  0.00 64.00  0.00 65.00  0.00 66.00  0.00 127.65 
4  63.00  0.00 64.00  0.00 66.00  0.00 67.00  0.00 97.12 
4  63.00  0.00 64.00  0.00 67.00  0.00 68.00  0.00 83.10 
4  63.00  0.00 64.00  0.00 68.00  0.00 69.00  0.00 83.23 
4  63.00  0.00 64.00  0.00 69.00  0.00 70.00  0.00 78.58 
4  63.00  0.00 64.00  0.00 70.00  0.00 71.00  0.00 77.71 
4  64.00  0.00 65.00  0.00 66.00  0.00 67.00  0.00 127.64 
4  64.00  0.00 65.00  0.00 67.00  0.00 68.00  0.00 94.92 
4  64.00  0.00 65.00  0.00 68.00  0.00 69.00  0.00 85.39 
4  64.00  0.00 65.00  0.00 69.00  0.00 70.00  0.00 73.91 
4  64.00  0.00 65.00  0.00 70.00  0.00 71.00  0.00 76.13 
4  65.00  0.00 66.00  0.00 67.00  0.00 68.00  0.00 129.57 
4  65.00  0.00 66.00  0.00 68.00  0.00 69.00  0.00 101.27 
4  65.00  0.00 66.00  0.00 69.00  0.00 70.00  0.00 81.59 
4  65.00  0.00 66.00  0.00 70.00  0.00 71.00  0.00 77.90 
4  66.00  0.00 67.00  0.00 68.00  0.00 69.00  0.00 142.47 
4  66.00  0.00 67.00  0.00 69.00  0.00 70.00  0.00 100.02 
4  66.00  0.00 67.00  0.00 70.00  0.00 71.00  0.00 85.50 
4  67.00  0.00 68.00  0.00 69.00  0.00 70.00  0.00 130.30 
4  67.00  0.00 68.00  0.00 70.00  0.00 71.00  0.00 98.69 
4  68.00  0.00 69.00  0.00 70.00  0.00 71.00  0.00 135.74 
4  13.00  0.00 14.00  0.00 23.00  0.00 24.00  0.00 54.24 
4  14.00  0.00 15.00  0.00 23.00  0.00 24.00  0.00 63.23 
4  14.00  0.00 15.00  0.00 24.00  0.00 25.00  0.00 80.36 
4  15.00  0.00 16.00  0.00 23.00  0.00 24.00  0.00 69.11 
4  15.00  0.00 16.00  0.00 24.00  0.00 25.00  0.00 87.43 
4  15.00  0.00 16.00  0.00 25.00  0.00 26.00  0.00 87.91 
4  16.00  0.00 17.00  0.00 23.00  0.00 24.00  0.00 75.08 
4  16.00  0.00 17.00  0.00 24.00  0.00 25.00  0.00 74.43 
4  16.00  0.00 17.00  0.00 25.00  0.00 26.00  0.00 71.56 
4  16.00  0.00 17.00  0.00 26.00  0.00 27.00  0.00 73.78 
4  17.00  0.00 18.00  0.00 23.00  0.00 24.00  0.00 72.76 
4  17.00  0.00 18.00  0.00 24.00  0.00 25.00  0.00 78.88 
4  17.00  0.00 18.00  0.00 25.00  0.00 26.00  0.00 70.31 
4  17.00  0.00 18.00  0.00 26.00  0.00 27.00  0.00 73.94 
4  17.00  0.00 18.00  0.00 27.00  0.00 28.00  0.00 98.25 
4  18.00  0.00 19.00  0.00 23.00  0.00 24.00  0.00 81.87 
4  18.00  0.00 19.00  0.00 24.00  0.00 25.00  0.00 79.15 
4  18.00  0.00 19.00  0.00 25.00  0.00 26.00  0.00 79.05 
4  18.00  0.00 19.00  0.00 26.00  0.00 27.00  0.00 81.74 
4  18.00  0.00 19.00  0.00 27.00  0.00 28.00  0.00 68.38 
4  18.00  0.00 19.00  0.00 28.00  0.00 29.00  0.00 71.21 
4  19.00  0.00 20.00  0.00 23.00  0.00 24.00  0.00 84.76 
4  19.00  0.00 20.00  0.00 24.00  0.00 25.00  0.00 77.91 
4  19.00  0.00 20.00  0.00 25.00  0.00 26.00  0.00 77.58 
4  19.00  0.00 20.00  0.00 26.00  0.00 27.00  0.00 82.48 
4  19.00  0.00 20.00  0.00 27.00  0.00 28.00  0.00 83.66 
4  19.00  0.00 20.00  0.00 28.00  0.00 29.00  0.00 106.30 
4  19.00  0.00 20.00  0.00 29.00  0.00 30.00  0.00 123.40 
4  20.00  0.00 21.00  0.00 23.00  0.00 24.00  0.00 96.85 
4  20.00  0.00 21.00  0.00 24.00  0.00 25.00  0.00 75.86 
4  20.00  0.00 21.00  0.00 25.00  0.00 26.00  0.00 78.54 
4  20.00  0.00 21.00  0.00 26.00  0.00 27.00  0.00 83.15 
4  20.00  0.00 21.00  0.00 27.00  0.00 28.00  0.00 90.93 
4  20.00  0.00 21.00  0.00 28.00  0.00 29.00  0.00 100.78 
4  20.00  0.00 21.00  0.00 29.00  0.00 30.00  0.00 89.97 
4  20.00  0.00 21.00  0.00 30.00  0.00 31.00  0.00 84.67 
4  21.00  0.00 22.00  0.00 23.00  0.00 24.00  0.00 133.99 
4  21.00  0.00 22.00  0.00 24.00  0.00 25.00  0.00 78.41 
4  21.00  0.00 22.00  0.00 25.00  0.00 26.00  0.00 73.57 
4  21.00  0.00 22.00  0.00 26.00  0.00 27.00  0.00 74.79 
4  21.00  0.00 22.00  0.00 27.00  0.00 28.00  0.00 86.49 
4  21.00  0.00 22.00  0.00 28.00  0.00 29.00  0.00 84.38 
4  21.00  0.00 22.00  0.00 29.00  0.00 30.00  0.00 84.26 
4  21.00  0.00 22.00  0.00 30.00  0.00 31.00  0.00 93.38 
4  21.00  0.00 22.00  0.00 31.00  0.00 32.00  0.00 91.01 
4  22.00  0.00 23.00  0.00 24.00  0.00 25.00  0.00 106.18 
4  22.00  0.00 23.00  0.00 25.00  0.00 26.00  0.00 76.81 
4  22.00  0.00 23.00  0.00 26.00  0.00 27.00  0.00 73.76 
4  22.00  0.00 23.00  0.00 27.00  0.00 28.00  0.00 86.12 
4  22.00  0.00 23.00  0.00 28.00  0.00 29.00  0.00 94.85 
4  22.00  0.00 23.00  0.00 29.00  0.00 30.00  0.00 103.07 
4  22.00  0.00 23.00  0.00 30.00  0.00 31.00  0.00 83.93 
4  22.00  0.00 23.00  0.00 31.00  0.00 32.00  0.00 102.36 
4  22.00  0.00 23.00  0.00 32.00  0.00 33.00  0.00 97.47 
4  23.00  0.00 24.00  0.00 25.00  0.00 26.00  0.00 84.30 
4  23.00  0.00 24.00  0.00 26.00  0.00 27.00  0.00 69.44 
4  23.00  0.00 24.00  0.00 27.00  0.00 28.00  0.00 80.02 
4  23.00  0.00 24.00  0.00 28.00  0.00 29.00  0.00 86.76 
4  23.00  0.00 24.00  0.00 29.00  0.00 30.00  0.00 89.47 
4  23.00  0.00 24.00  0.00 30.00  0.00 31.00  0.00 96.11 
4  23.00  0.00 24.00  0.00 31.00  0.00 32.00  0.00 98.64 
4  23.00  0.00 24.00  0.00 32.00  0.00 33.00  0.00 101.44 
4  23.00  0.00 24.00  0.00 33.00  0.00 34.00  0.00 104.93 
4  24.00  0.00 25.00  0.00 26.00  0.00 27.00  0.00 82.10 
4  24.00  0.00 25.00  0.00 27.00  0.00 28.00  0.00 73.77 
4  24.00  0.00 25.00  0.00 28.00  0.00 29.00  0.00 78.42 
4  24.00  0.00 25.00  0.00 29.00  0.00 30.00  0.00 81.10 
4  24.00  0.00 25.00  0.00 30.00  0.00 31.00  0.00 86.20 
4  24.00  0.00 25.00  0.00 31.00  0.00 32.00  0.00 89.18 
4  24.00  0.00 25.00  0.00 32.00  0.00 33.00  0.00 95.37 
4  24.00  0.00 25.00  0.00 33.00  0.00 34.00  0.00 86.27 
4  24.00  0.00 25.00  0.00 34.00  0.00 35.00  0.00 82.96 
4  25.00  0.00 26.00  0.00 27.00  0.00 28.00  0.00 108.02 
4  25.00  0.00 26.00  0.00 28.00  0.00 29.00  0.00 79.94 
4  25.00  0.00 26.00  0.00 29.00  0.00 30.00  0.00 79.07 
4  25.00  0.00 26.00  0.00 30.00  0.00 31.00  0.00 82.95 
4  25.00  0.00 26.00  0.00 31.00  0.00 32.00  0.00 90.48 
4  25.00  0.00 26.00  0.00 32.00  0.00 33.00  0.00 96.19 
4  25.00  0.00 26.00  0.00 33.00  0.00 34.00  0.00 83.43 
4  25.00  0.00 26.00  0.00 34.00  0.00 35.00  0.00 80.50 
4  26.00  0.00 27.00  0.00 28.00  0.00 29.00  0.00 106.11 
4  26.00  0.00 27.00  0.00 29.00  0.00 30.00  0.00 80.43 
4  26.00  0.00 27.00  0.00 30.00  0.00 31.00  0.00 78.54 
4  26.00  0.00 27.00  0.00 31.00  0.00 32.00  0.00 87.35 
4  26.00  0.00 27.00  0.00 32.00  0.00 33.00  0.00 90.19 
4  26.00  0.00 27.00  0.00 33.00  0.00 34.00  0.00 83.10 
4  26.00  0.00 27.00  0.00 34.00  0.00 35.00  0.00 79.82 
4  27.00  0.00 28.00  0.00 29.00  0.00 30.00  0.00 116.60 
4  27.00  0.00 28.00  0.00 30.00  0.00 31.00  0.00 90.93 
4  27.00  0.00 28.00  0.00 31.00  0.00 32.00  0.00 95.87 
4  27.00  0.00 28.00  0.00 32.00  0.00 33.00  0.00 97.39 
4  27.00  0.00 28.00  0.00 33.00  0.00 34.00  0.00 94.97 
4  27.00  0.00 28.00  0.00 34.00  0.00 35.00  0.00 85.67 
4  28.00  0.00 29.00  0.00 30.00  0.00 31.00  0.00 121.11 
4  28.00  0.00 29.00  0.00 31.00  0.00 32.00  0.00 106.95 
4  28.00  0.00 29.00  0.00 32.00  0.00 33.00  0.00 104.25 
4  28.00  0.00 29.00  0.00 33.00  0.00 34.00  0.00 98.75 
4  28.00  0.00 29.00  0.00 34.00  0.00 35.00  0.00 81.98 
4  29.00  0.00 30.00  0.00 31.00  0.00 32.00  0.00 133.24 
4  29.00  0.00 30.00  0.00 32.00  0.00 33.00  0.00 113.06 
4  29.00  0.00 30.00  0.00 33.00  0.00 34.00  0.00 105.32 
4  29.00  0.00 30.00  0.00 34.00  0.00 35.00  0.00 89.33 
4  30.00  0.00 31.00  0.00 32.00  0.00 33.00  0.00 122.02 
4  30.00  0.00 31.00  0.00 33.00  0.00 34.00  0.00 109.20 
4  30.00  0.00 31.00  0.00 34.00  0.00 35.00  0.00 93.70 
4  31.00  0.00 32.00  0.00 33.00  0.00 34.00  0.00 124.94 
4  31.00  0.00 32.00  0.00 34.00  0.00 35.00  0.00 106.23 
4  32.00  0.00 33.00  0.00 34.00  0.00 35.00  0.00 115.54 
4  13.00  0.00 14.00  0.00 23.00  0.00 24.00  0.00 53.04 
4  14.00  0.00 15.00  0.00 23.00  0.00 24.00  0.00 69.74 
4  14.00  0.00 15.00  0.00 24.00  0.00 25.00  0.00 57.83 
4  15.00  0.00 16.00  0.00 23.00  0.00 24.00  0.00 90.19 
4  15.00  0.00 16.00  0.00 24.00  0.00 25.00  0.00 40.13 
4  15.00  0.00 16.00  0.00 25.00  0.00 26.00  0.00 65.11 
4  16.00  0.00 17.00  0.00 23.00  0.00 24.00  0.00 84.89 
4  16.00  0.00 17.00  0.00 24.00  0.00 25.00  0.00 54.56 
4  16.00  0.00 17.00  0.00 25.00  0.00 26.00  0.00 92.09 
4  16.00  0.00 17.00  0.00 26.00  0.00 27.00  0.00 60.51 
4  17.00  0.00 18.00  0.00 23.00  0.00 24.00  0.00 89.29 
4  17.00  0.00 18.00  0.00 24.00  0.00 25.00  0.00 83.03 
4  17.00  0.00 18.00  0.00 25.00  0.00 26.00  0.00 82.75 
4  17.00  0.00 18.00  0.00 26.00  0.00 27.00  0.00 88.76 
4  17.00  0.00 18.00  0.00 27.00  0.00 28.00  0.00 99.75 
4  18.00  0.00 19.00  0.00 23.00  0.00 24.00  0.00 86.48 
4  18.00  0.00 19.00  0.00 24.00  0.00 25.00  0.00 84.84 
4  18.00  0.00 19.00  0.00 25.00  0.00 26.00  0.00 77.50 
4  18.00  0.00 19.00  0.00 26.00  0.00 27.00  0.00 77.39 
4  18.00  0.00 19.00  0.00 27.00  0.00 28.00  0.00 78.10 
4  18.00  0.00 19.00  0.00 28.00  0.00 29.00  0.00 104.22 
4  19.00  0.00 20.00  0.00 23.00  0.00 24.00  0.00 98.31 
4  19.00  0.00 20.00  0.00 24.00  0.00 25.00  0.00 90.94 
4  19.00  0.00 20.00  0.00 25.00  0.00 26.00  0.00 94.91 
4  19.00  0.00 20.00  0.00 26.00  0.00 27.00  0.00 90.68 
4  19.00  0.00 20.00  0.00 27.00  0.00 28.00  0.00 83.75 
4  19.00  0.00 20.00  0.00 28.00  0.00 29.00  0.00 90.05 
4  19.00  0.00 20.00  0.00 29.00  0.00 30.00  0.00 86.84 
4  20.00  0.00 21.00  0.00 23.00  0.00 24.00  0.00 107.79 
4  20.00  0.00 21.00  0.00 24.00  0.00 25.00  0.00 97.08 
4  20.00  0.00 21.00  0.00 25.00  0.00 26.00  0.00 97.23 
4  20.00  0.00 21.00  0.00 26.00  0.00 27.00  0.00 93.47 
4  20.00  0.00 21.00  0.00 27.00  0.00 28.00  0.00 87.40 
4  20.00  0.00 21.00  0.00 28.00  0.00 29.00  0.00 104.96 
4  20.00  0.00 21.00  0.00 29.00  0.00 30.00  0.00 112.63 
4  20.00  0.00 21.00  0.00 30.00  0.00 31.00  0.00 89.99 
4  21.00  0.00 22.00  0.00 23.00  0.00 24.00  0.00 109.67 
4  21.00  0.00 22.00  0.00 24.00  0.00 25.00  0.00 97.15 
4  21.00  0.00 22.00  0.00 25.00  0.00 26.00  0.00 98.33 
4  21.00  0.00 22.00  0.00 26.00  0.00 27.00  0.00 94.35 
4  21.00  0.00 22.00  0.00 27.00  0.00 28.00  0.00 93.91 
4  21.00  0.00 22.00  0.00 28.00  0.00 29.00  0.00 101.96 
4  21.00  0.00 22.00  0.00 29.00  0.00 30.00  0.00 104.87 
4  21.00  0.00 22.00  0.00 30.00  0.00 31.00  0.00 90.12 
4  21.00  0.00 22.00  0.00 31.00  0.00 32.00  0.00 73.92 
4  22.00  0.00 23.00  0.00 24.00  0.00 25.00  0.00 95.47 
4  22.00  0.00 23.00  0.00 25.00  0.00 26.00  0.00 89.99 
4  22.00  0.00 23.00  0.00 26.00  0.00 27.00  0.00 88.45 
4  22.00  0.00 23.00  0.00 27.00  0.00 28.00  0.00 90.01 
4  22.00  0.00 23.00  0.00 28.00  0.00 29.00  0.00 97.00 
4  22.00  0.00 23.00  0.00 29.00  0.00 30.00  0.00 104.34 
4  22.00  0.00 23.00  0.00 30.00  0.00 31.00  0.00 79.30 
4  22.00  0.00 23.00  0.00 31.00  0.00 32.00  0.00 68.67 
4  22.00  0.00 23.00  0.00 32.00  0.00 33.00  0.00 63.89 
4  23.00  0.00 24.00  0.00 25.00  0.00 26.00  0.00 91.87 
4  23.00  0.00 24.00  0.00 26.00  0.00 27.00  0.00 90.99 
4  23.00  0.00 24.00  0.00 27.00  0.00 28.00  0.00 92.21 
4  23.00  0.00 24.00  0.00 28.00  0.00 29.00  0.00 100.97 
4  23.00  0.00 24.00  0.00 29.00  0.00 30.00  0.00 107.37 
4  23.00  0.00 24.00  0.00 30.00  0.00 31.00  0.00 86.79 
4  23.00  0.00 24.00  0.00 31.00  0.00 32.00  0.00 82.11 
4  23.00  0.00 24.00  0.00 32.00  0.00 33.00  0.00 62.48 
4  23.00  0.00 24.00  0.00 33.00  0.00 34.00  0.00 68.02 
4  24.00  0.00 25.00  0.00 26.00  0.00 27.00  0.00 88.96 
4  24.00  0.00 25.00  0.00 27.00  0.00 28.00  0.00 98.37 
4  24.00  0.00 25.00  0.00 28.00  0.00 29.00  0.00 107.61 
4  24.00  0.00 25.00  0.00 29.00  0.00 30.00  0.00 112.79 
4  24.00  0.00 25.00  0.00 30.00  0.00 31.00  0.00 92.34 
4  24.00  0.00 25.00  0.00 31.00  0.00 32.00  0.00 76.86 
4  24.00  0.00 25.00  0.00 32.00  0.00 33.00  0.00 71.75 
4  24.00  0.00 25.00  0.00 33.00  0.00 34.00  0.00 69.81 
4  24.00  0.00 25.00  0.00 34.00  0.00 35.00  0.00 83.79 
4  25.00  0.00 26.00  0.00 27.00  0.00 28.00  0.00 111.40 
4  25.00  0.00 26.00  0.00 28.00  0.00 29.00  0.00 120.33 
4  25.00  0.00 26.00  0.00 29.00  0.00 30.00  0.00 126.24 
4  25.00  0.00 26.00  0.00 30.00  0.00 31.00  0.00 103.29 
4  25.00  0.00 26.00  0.00 31.00  0.00 32.00  0.00 90.86 
4  25.00  0.00 26.00  0.00 32.00  0.00 33.00  0.00 78.17 
4  25.00  0.00 26.00  0.00 33.00  0.00 34.00  0.00 87.39 
4  25.00  0.00 26.00  0.00 34.00  0.00 35.00  0.00 90.16 
4  26.00  0.00 27.00  0.00 28.00  0.00 29.00  0.00 119.02 
4  26.00  0.00 27.00  0.00 29.00  0.00 30.00  0.00 124.83 
4  26.00  0.00 27.00  0.00 30.00  0.00 31.00  0.00 100.85 
4  26.00  0.00 27.00  0.00 31.00  0.00 32.00  0.00 89.56 
4  26.00  0.00 27.00  0.00 32.00  0.00 33.00  0.00 70.94 
4  26.00  0.00 27.00  0.00 33.00  0.00 34.00  0.00 79.82 
4  26.00  0.00 27.00  0.00 34.00  0.00 35.00  0.00 80.36 
4  27.00  0.00 28.00  0.00 29.00  0.00 30.00  0.00 130.59 
4  27.00  0.00 28.00  0.00 30.00  0.00 31.00  0.00 112.93 
4  27.00  0.00 28.00  0.00 31.00  0.00 32.00  0.00 97.48 
4  27.00  0.00 28.00  0.00 32.00  0.00 33.00  0.00 79.51 
4  27.00  0.00 28.00  0.00 33.00  0.00 34.00  0.00 78.73 
4  27.00  0.00 28.00  0.00 34.00  0.00 35.00  0.00 85.56 
4  28.00  0.00 29.00  0.00 30.00  0.00 31.00  0.00 126.94 
4  28.00  0.00 29.00  0.00 31.00  0.00 32.00  0.00 117.65 
4  28.00  0.00 29.00  0.00 32.00  0.00 33.00  0.00 94.62 
4  28.00  0.00 29.00  0.00 33.00  0.00 34.00  0.00 92.85 
4  28.00  0.00 29.00  0.00 34.00  0.00 35.00  0.00 99.78 
4  29.00  0.00 30.00  0.00 31.00  0.00 32.00  0.00 140.76 
4  29.00  0.00 30.00  0.00 32.00  0.00 33.00  0.00 117.86 
4  29.00  0.00 30.00  0.00 33.00  0.00 34.00  0.00 108.41 
4  29.00  0.00 30.00  0.00 34.00  0.00 35.00  0.00 108.11 
4  30.00  0.00 31.00  0.00 32.00  0.00 33.00  0.00 116.71 
4  30.00  0.00 31.00  0.00 33.00  0.00 34.00  0.00 113.55 
4  30.00  0.00 31.00  0.00 34.00  0.00 35.00  0.00 106.34 
4  31.00  0.00 32.00  0.00 33.00  0.00 34.00  0.00 119.05 
4  31.00  0.00 32.00  0.00 34.00  0.00 35.00  0.00 121.01 
4  32.00  0.00 33.00  0.00 34.00  0.00 35.00  0.00 111.81 
0
0
0
0
